frame,time,tx_mm,ty_mm,tz_mm,qx,qy,qz,qw
0,0.0,153.82345581054688,759.7144165039062,545.3770141601562,0.0017838467614345519,0.19057777208368243,0.009105408324052468,0.9816282505193115
1,0.016667,153.78622436523438,759.6844177246094,545.3351440429688,0.0019658026185710034,0.1905519226758821,0.009080556967301118,0.9816331513705887
2,0.033333,153.74899291992188,759.6544189453125,545.2932739257812,0.0021477609694649136,0.19052607047622624,0.009055715713355754,0.9816380176035487
3,0.05,153.71501922607422,759.6188354492188,545.2619018554688,0.00221869829407268,0.19054052765399263,0.008937574379040273,0.9816361364902155
4,0.066667,153.68104553222656,759.583251953125,545.2305297851562,0.002289638547242308,0.19055497094984736,0.008819432093148841,0.9816342385120743
5,0.083333,153.6630401611328,759.5583801269531,545.2217407226562,0.002305644279856118,0.19056815575898206,0.008702891614053868,0.9816326816547161
6,0.1,153.64503479003906,759.5335083007812,545.2129516601562,0.0023216532442518925,0.1905813394261078,0.008586351818258823,0.9816311107290852
7,0.116667,153.64527130126953,759.5318603515625,545.2284545898438,0.0022882501195026113,0.19058316056483146,0.008555092972582645,0.98163110851518
8,0.133333,153.6455078125,759.5302124023438,545.2439575195312,0.002254847176777934,0.19058498434336238,0.00852383431554248,0.9816311036512704
9,0.15,153.65929412841797,759.5494995117188,545.2809753417969,0.002239493066251633,0.19058887351103151,0.008608542545065285,0.9816296444993153
10,0.166667,153.67308044433594,759.5687866210938,545.3179931640625,0.0022241382976470733,0.1905927614455147,0.008693250576877254,0.9816281780225207
11,0.183333,153.6920928955078,759.5917053222656,545.362060546875,0.002324967285476739,0.19062167065451147,0.00884263584407929,0.981620996614953
12,0.2,153.7111053466797,759.6146240234375,545.4061279296875,0.002425784479428675,0.19065061828161578,0.008992011118875588,0.981613773871646
13,0.216667,153.73043060302734,759.6228637695312,545.4397277832031,0.002713373008100835,0.19071622156220241,0.009127931944673278,0.9815990226657569
14,0.233333,153.749755859375,759.631103515625,545.4733276367188,0.003000926568687385,0.1907819276380188,0.009263804705425998,0.9815841443548438
15,0.25,153.77136993408203,759.6209411621094,545.4964294433594,0.0034564269435016525,0.19086553151016836,0.009351623924394424,0.9815655602781213
16,0.266667,153.79298400878906,759.6107788085938,545.51953125,0.003911879901143691,0.19094926312682883,0.009439355489442613,0.9815467256707161
17,0.283333,153.81168365478516,759.5923156738281,545.5347595214844,0.004346098096742188,0.19098518353103563,0.009478221245561426,0.9815375359225802
18,0.3,153.83038330078125,759.5738525390625,545.5499877929688,0.004780300355562056,0.19102117862666287,0.009517053657464608,0.9815281370058997
19,0.316667,153.82601928710938,759.5609741210938,545.5405883789062,0.00486127416300256,0.19094808513145312,0.009493861908106783,0.981542186247852
20,0.333333,153.8216552734375,759.548095703125,545.5311889648438,0.00494224891975499,0.19087498804016975,0.0094706815866123,0.9815562232019952
21,0.35,153.77538299560547,759.5498657226562,545.4814453125,0.004446753509867113,0.19072831695761844,0.009360221894470264,0.9815881629990366
22,0.366667,153.72911071777344,759.5516357421875,545.4317016601562,0.003951162229233369,0.19058181098865173,0.009249591262505744,0.9816197872388273
23,0.383333,153.64116668701172,759.5693359375,545.3577575683594,0.0030377290858835016,0.19048655373572423,0.009061145953083475,0.9816432858640173
24,0.4,153.55322265625,759.5870361328125,545.2838134765625,0.002124186504859541,0.19039183841043253,0.008872504378446572,0.9816657854710242
25,0.416667,153.4469223022461,759.614501953125,545.2298278808594,0.0012589822804308709,0.19045316815185356,0.008667566966674164,0.981657210530956
26,0.433333,153.3406219482422,759.6419677734375,545.1758422851562,0.00039385176646490535,0.19051503449523383,0.00846276476861646,0.9816477209898351
27,0.45,153.24970245361328,759.666015625,545.1786193847656,-4.183762490326913e-05,0.19070906010975133,0.008305735657542711,0.9816114645809997
28,0.466667,153.15878295898438,759.6900634765625,545.181396484375,-0.00047739030379475,0.19090326678654115,0.008148918067014687,0.9815749130672919
29,0.483333,153.10354614257812,759.6996154785156,545.2405090332031,-0.000434878979224411,0.19105036159773234,0.008094352063509168,0.9815467648962637
30,0.5,153.04830932617188,759.7091674804688,545.2996215820312,-0.00039235544449270007,0.19119744820744755,0.00803977827053119,0.9815185906652641
31,0.516667,153.03370666503906,759.7077941894531,545.3721618652344,-6.460260126828001e-05,0.19117441144112954,0.00812836327050579,0.9815224245768328
32,0.533333,153.01910400390625,759.7064208984375,545.4447021484375,0.00026316135684295675,0.1911514598199742,0.008216967557910418,0.9815261237475778
33,0.55,153.06526947021484,759.6974487304688,545.4412231445312,0.0006690669619994727,0.19126571811538678,0.008363167533679331,0.9815024375171002
34,0.566667,153.11143493652344,759.6884765625,545.437744140625,0.001074897919129165,0.19138013803367604,0.00850925295246443,0.9814785173272339
35,0.583333,153.26486206054688,759.6531066894531,545.2357177734375,0.0014981079828642547,0.19230858365788384,0.008472976250359185,0.981296781303919
36,0.6,153.4182891845703,759.6177368164062,545.03369140625,0.0019210490228679725,0.19323686302482865,0.00843583520849806,0.9811139898214225
37,0.616667,153.67583465576172,759.5385131835938,544.5945739746094,0.0023475612295208795,0.19520476998387193,0.008052379946900598,0.980726641786083
38,0.633333,153.93338012695312,759.4592895507812,544.1554565429688,0.0027749392249752187,0.19717161421248036,0.0076675731635416616,0.9803350766870093
39,0.65,154.13077545166016,759.3876342773438,543.6955871582031,0.00302769439446224,0.1991561667167783,0.007211297602642318,0.9799365548402705
40,0.666667,154.3281707763672,759.3159790039062,543.2357177734375,0.0032819220831346763,0.20113971492510024,0.00675455697181445,0.9795337768690799
41,0.683333,154.20624542236328,759.4175415039062,543.1282043457031,0.003100647148409174,0.2014944677578235,0.007170391373338771,0.979458498833823
42,0.7,154.08432006835938,759.5191040039062,543.0206909179688,0.0029190980576373655,0.20184907852507145,0.007586234116120863,0.9793829064349882
43,0.716667,153.527587890625,760.0491027832031,543.3851928710938,0.0020228956449832203,0.2001187212236001,0.010279604535075532,0.9797156398872292
44,0.733333,152.97085571289062,760.5791015625,543.7496948242188,0.001135634761391087,0.19838437122500321,0.01297340561220298,0.9800377759730338
45,0.75,152.04834747314453,761.8035888671875,544.3232421875,-0.0009404222599634409,0.19569382660560777,0.019254461594058234,0.98047555173148
46,0.766667,151.12583923339844,763.028076171875,544.8967895507812,-0.002983985121046439,0.19298359711872673,0.02553630743468629,0.9808650896420545
47,0.783333,149.84812927246094,765.1218872070312,545.4259338378906,-0.00647213936426149,0.1903075082365512,0.03611475573250902,0.9810386782075547
48,0.8,148.57041931152344,767.2156982421875,545.955078125,-0.009906037148749562,0.18757799577345008,0.04669091412574127,0.9810893560057239
49,0.816667,146.74581909179688,770.1883850097656,546.4685363769531,-0.013932720801667978,0.18473045569233054,0.06145665924134321,0.9807668515328503
50,0.833333,144.9212188720703,773.1610717773438,546.9819946289062,-0.017878524918013266,0.1818037467085395,0.07621479309607503,0.9802137834895078
51,0.85,142.2714614868164,776.9019165039062,547.5899353027344,-0.020818274037704195,0.178306275090686,0.09455569899361918,0.9792000263057613
52,0.866667,139.6217041015625,780.6427612304688,548.1978759765625,-0.023633128540301085,0.17476171857730669,0.11288520156007001,0.9778326790530404
53,0.883333,135.9535140991211,785.0324096679688,548.8805847167969,-0.02463276278972229,0.17072100755011121,0.13433427119957927,0.9758083152749305
54,0.9,132.2853240966797,789.4220581054688,549.5632934570312,-0.025461492910149888,0.16672131421272765,0.15576450260401672,0.9732898517371331
55,0.916667,127.5971145629883,794.3173828125,550.2382507324219,-0.024793527894645187,0.16272250344189781,0.18000635285662028,0.969796051125904
56,0.933333,122.90890502929688,799.2127075195312,550.9132080078125,-0.023934349457641144,0.1588642987772991,0.20419906191436912,0.9656562662787045
57,0.95,117.44850921630861,804.3266296386719,551.529541015625,-0.02196308092069263,0.1554633597270706,0.23023597202080276,0.9603854247365892
58,0.966667,111.98811340332031,809.4405517578125,552.1458740234375,-0.019818304671997813,0.15229123340015704,0.25616998344992614,0.9543539985815804
59,0.983333,106.25496292114259,814.3315734863281,552.6960754394531,-0.01691916781670876,0.14947518885063674,0.28195218211343137,0.9475620700935274
60,1.0,100.52181243896484,819.2225952148438,553.2462768554688,-0.013876130549399077,0.14693530297289217,0.3075869469633059,0.9400041169053638
61,1.016667,95.14954757690434,823.4547424316406,553.7802734375,-0.011264405509047976,0.1438202108675464,0.3309319577231082,0.93256254453634
62,1.033333,89.77728271484375,827.6868896484375,554.3142700195312,-0.008501687165087384,0.14093045343412067,0.35412458261257357,0.924479371646372
63,1.05,85.30716705322266,831.0346984863281,554.8931274414062,-0.007176489496072051,0.13646957847487676,0.3739934769001206,0.9173077081250115
64,1.066667,80.83705139160156,834.3825073242188,555.4719848632812,-0.005663403751737261,0.1321291389212981,0.39372694919038476,0.9096641720915984
65,1.083333,77.58223724365236,836.9319763183594,556.0720520019531,-0.0038963339957569874,0.12648001290411068,0.41067696228630285,0.9029573952100199
66,1.1,74.32742309570312,839.4814453125,556.672119140625,-0.001924936056008484,0.12093656841527559,0.42750991308900066,0.8958827575368068
67,1.116667,72.38764953613281,841.5957336425781,557.2149047851562,0.0049350742605326365,0.11587807729269187,0.4431555251543911,0.8889100611254931
68,1.133333,70.4478759765625,843.7100219726562,557.7576904296875,0.011973498202918266,0.1110933772627046,0.4587250623171028,0.8815249367268752
69,1.15,69.67288970947267,845.9344177246094,558.2695007324219,0.02817607405777474,0.10865759466629,0.4743272668546713,0.8731628026262941
70,1.166667,68.89790344238281,848.1588134765625,558.7813110351562,0.044467430008242374,0.1068518468277763,0.48989094017007506,0.8640672411550131
71,1.183333,68.84758758544922,851.0951232910156,559.456787109375,0.06951124096768464,0.10678764097738684,0.5047713969743606,0.8537976481053166
72,1.2,68.79727172851562,854.0314331054688,560.1322631835938,0.094504835221884,0.10767044522050101,0.519616596414505,0.8423030951363701
73,1.216667,68.95112991333008,858.1680297851562,561.2173767089844,0.1222206213713742,0.10633420117675668,0.53140759455577,0.8314812841069524
74,1.233333,69.10498809814453,862.3046264648438,562.302490234375,0.14982222418814614,0.10582330075058344,0.5432176108235358,0.8193102937524575
75,1.25,69.18278121948242,867.8583679199219,563.970947265625,0.1728791050573708,0.0983364903876503,0.5500459998327372,0.8111055096353412
76,1.266667,69.26057434082031,873.412109375,565.639404296875,0.19584401879105315,0.09117894605657524,0.5569374148792782,0.8019677275348234
77,1.283333,69.29776000976562,880.3063354492188,567.9748229980469,0.21103007122124953,0.07469097802589005,0.558600706300911,0.7986568836252611
78,1.3,69.33494567871094,887.2005615234375,570.3102416992188,0.2260217404338104,0.058135168047948944,0.5601243862650623,0.7948554252180049
79,1.316667,69.5296859741211,895.1912841796875,573.3489685058594,0.2354917768306728,0.03336886026457398,0.5575653993913414,0.7953307284465687
80,1.333333,69.72442626953125,903.1820068359375,576.3876953125,0.24449946834347167,0.00841421054893904,0.5544776088988174,0.7954267988133464
81,1.35,70.31465530395508,912.000701904297,580.1622619628906,0.2536500089519686,-0.02119991797390027,0.5492196352133791,0.7959711230519916
82,1.366667,70.9048843383789,920.8193969726562,583.9368286132812,0.26210335058946743,-0.05100531332233973,0.5432401671509213,0.7959839272350313
83,1.383333,72.08029174804688,930.2725830078125,588.5372009277344,0.27591462511872245,-0.08193952372523129,0.536739193361493,0.7931381168541397
84,1.4,73.25569915771484,939.7257690429688,593.1375732421875,0.2888267929823145,-0.1130809359684982,0.5297227795545594,0.7894210298674791
85,1.416667,75.014705657959,949.7538146972656,598.7579956054688,0.3082119896083367,-0.14398206741366992,0.5221891251281061,0.7820441492159502
86,1.433333,76.77371215820312,959.7818603515625,604.37841796875,0.3263055145187029,-0.175147865763682,0.5146061237424415,0.7733230073648985
87,1.45,78.91889190673828,970.3946533203125,611.2261352539062,0.34799431567587413,-0.20669387274766393,0.5052384120204769,0.7621756662639391
88,1.466667,81.06407165527344,981.0074462890625,618.0738525390625,0.3677542711834402,-0.23860444274188536,0.49638468898038884,0.7492842961626874
89,1.483333,83.42135620117189,992.0836181640626,626.2400207519531,0.3885083086151437,-0.2716415053360179,0.4852819159432471,0.7346928941906502
90,1.5,85.77864074707031,1003.1597900390625,634.4061889648438,0.40649608791226466,-0.3051052829440016,0.475394676470742,0.7181027770555991
91,1.516667,88.27091979980467,1014.3261718749999,643.8519592285156,0.42553918814694425,-0.3398182820613226,0.46290836134744207,0.6993967282757025
92,1.533333,90.76319885253906,1025.4925537109375,653.2977294921875,0.44031671657899885,-0.375012629753614,0.453007977982961,0.6784323757826992
93,1.55,93.1544418334961,1036.253662109375,663.8096008300781,0.4576568280244805,-0.4116640043315094,0.43568673220426496,0.6567039261961871
94,1.566667,95.54568481445312,1047.0147705078125,674.3214721679688,0.466399376635507,-0.4490525883931063,0.42526827551275126,0.6324320423364652
95,1.583333,97.35108947753905,1056.9979248046875,685.437774658203,0.4817514705711127,-0.48782403194065244,0.3948900011509748,0.6115595812794684
96,1.6,99.156494140625,1066.9810791015625,696.5540771484375,0.4785456907034847,-0.5274418281697079,0.38213358643346257,0.5888744025049997
97,1.616667,100.04893493652344,1076.0313110351562,707.7243041992188,0.4806134649191302,-0.5611704923517508,0.3432243530533546,0.5799098372361239
98,1.633333,100.94137573242188,1085.08154296875,718.89453125,0.47096014334716657,-0.6059251742432014,0.3150962818617414,0.5583597046292545
99,1.65,101.11266326904297,1093.1113891601562,729.7527770996094,0.45866633175933696,-0.6392708668795153,0.26901508530281193,0.5555077305934345
100,1.666667,101.28395080566406,1101.1412353515625,740.6110229492188,0.4418869136362911,-0.6747454694672095,0.22562244626744155,0.5463963934093667
101,1.683333,101.32705307006836,1107.9165649414062,751.0107116699219,0.4196314497347994,-0.70020201223568,0.17790552113433325,0.5495236246099856
102,1.7,101.37015533447266,1114.69189453125,761.410400390625,0.3961487531595621,-0.7238361715745887,0.1299829141000138,0.5497561315096317
103,1.716667,101.99712753295898,1119.8038940429688,771.2592468261718,0.37175470151176415,-0.7383006161354286,0.09332330113163664,0.5549787415602866
104,1.733333,102.62409973144531,1124.9158935546875,781.1080932617188,0.3469463663084468,-0.7512528462060055,0.05633808913700967,0.5586353011447907
105,1.75,104.41417694091797,1128.0425415039062,790.27099609375,0.32908184603924373,-0.7584852349118788,0.042887750362783604,0.5608617725401647
106,1.766667,106.20425415039062,1131.169189453125,799.4338989257812,0.3110637907971996,-0.7652939907979082,0.02936902874897939,0.5627627260700806
107,1.783333,109.32084655761722,1132.4843139648438,807.784149169922,0.304203247249847,-0.7704709613536478,0.04030471722697559,0.5587579188187742
108,1.8,112.43743896484375,1133.7994384765625,816.1343994140625,0.29725233991836836,-0.7749619261905024,0.0513256898448528,0.5553744078818461
109,1.816667,116.59650802612305,1134.1184692382812,823.6645812988281,0.2994430654751091,-0.7796772255118977,0.07542399095360079,0.5447462676747499
110,1.833333,120.75557708740234,1134.4375,831.1947631835938,0.30115359347351867,-0.7830840841891239,0.09989898280185804,0.5348887954171614
111,1.85,125.55051040649418,1134.8665161132812,838.076873779297,0.30765682909563635,-0.7873686239691764,0.12324382814848057,0.5198162024437215
112,1.866667,130.34544372558594,1135.2955322265625,844.958984375,0.3131080794678987,-0.7907318978184159,0.14734959478473444,0.5049697944047593
113,1.883333,135.49542236328125,1136.7044067382812,851.4751892089844,0.3209400086013608,-0.7953291290766932,0.16336797282194443,0.4876063912389948
114,1.9,140.64540100097656,1138.11328125,857.9913940429688,0.32763805360422865,-0.7995534625459154,0.1801341898929205,0.4700204676318802
115,1.916667,145.97432708740237,1140.8599853515625,864.3806762695312,0.3369627187233772,-0.8044167991614166,0.19069465431808075,0.45056108157713665
116,1.933333,151.30325317382812,1143.606689453125,870.7699584960938,0.3453770958260854,-0.8090152881933297,0.20166926599832444,0.43074172342588285
117,1.95,156.63677978515625,1147.5547485351562,877.1414184570312,0.3577203200690819,-0.8127745701461366,0.21202485184936318,0.4080185448379669
118,1.966667,161.97030639648438,1151.5028076171875,883.5128784179688,0.3692111542474868,-0.8161335198079084,0.22246513368146026,0.38486161892462456
119,1.983333,167.05991363525393,1156.1334228515625,889.8687744140626,0.3848384582013079,-0.8173213328944154,0.23576369264868113,0.3581908445418374
120,2.0,172.14952087402344,1160.7640380859375,896.2246704101562,0.3994439125598331,-0.8179101603248145,0.248853684858006,0.3309673305462654
121,2.016667,176.7017059326172,1165.2694702148438,902.4872131347656,0.416194744710419,-0.8161701878290087,0.2639673895603887,0.30161129989319685
122,2.033333,181.25389099121094,1169.77490234375,908.749755859375,0.43176712631594955,-0.8137257816810055,0.27862106680185605,0.2716575086293387
123,2.05,185.13401031494135,1173.258056640625,914.7503356933594,0.44597648007748053,-0.8103851117102264,0.29192407146443955,0.24323093231686047
124,2.066667,189.01412963867188,1176.7412109375,920.7509155273438,0.4591309851522247,-0.8064704547442165,0.30471796832129244,0.21436208591993985
125,2.083333,192.50666046142578,1178.6402587890625,926.2289733886719,0.46752551664741443,-0.8040080525800555,0.3130502517814476,0.19232909953922053
126,2.1,195.9991912841797,1180.539306640625,931.70703125,0.4753130531213193,-0.8012676986783145,0.32110264082561096,0.17011957748027232
127,2.116667,199.83306884765625,1180.9219970703125,936.3475646972656,0.4763602481304938,-0.8015355889250371,0.3242429969103859,0.15964990648985625
128,2.133333,203.6669464111328,1181.3046875,940.9880981445312,0.4772513378334785,-0.8017504680212646,0.32737838361117577,0.14916682442142457
129,2.15,208.6025619506836,1180.536376953125,944.5666198730469,0.47136827323886865,-0.803978004145991,0.32967099987988047,0.1508255670350216
130,2.166667,213.53817749023438,1179.76806640625,948.1451416015625,0.46547964616179016,-0.8061469997439936,0.3319499342984531,0.15252853809076053
131,2.183333,219.75680541992182,1177.9686279296877,950.750244140625,0.4551698502074876,-0.8071187958119382,0.3401448896402849,0.16025327129509306
132,2.2,225.97543334960938,1176.169189453125,953.3553466796875,0.4450107583830408,-0.8077850005259503,0.3480638260814123,0.16822720000704416
133,2.216667,232.83019256591797,1173.3060302734375,955.4109802246094,0.4349809853566142,-0.8045674604894552,0.36492292576151103,0.17405172263840651
134,2.233333,239.68495178222656,1170.44287109375,957.4666137695312,0.42535799989497225,-0.8007019615624199,0.38131842144862366,0.18039734515610717
135,2.25,246.06372833251953,1166.8370361328125,959.4072570800781,0.42018866869608856,-0.7929660761363496,0.40241997100660276,0.18084372184672282
136,2.266667,252.4425048828125,1163.231201171875,961.347900390625,0.4153516379536191,-0.7845133494836848,0.4230909675590822,0.18170265408368466
137,2.283333,257.41650390625,1159.64794921875,963.2408447265625,0.4161235285329275,-0.774752140878306,0.4412450119599985,0.1786145812250729
138,2.3,262.3905029296875,1156.064697265625,965.1337890625,0.4169812555929399,-0.764541167253419,0.45910006525370334,0.17558634953480962
139,2.316667,265.6303863525391,1153.2720336914062,966.6316833496094,0.42129761797613385,-0.7560576162274707,0.47020719298908503,0.17259893885361952
140,2.333333,268.8702697753906,1150.4793701171875,968.1295776367188,0.4255978309115156,-0.7473987834313506,0.4811691847571932,0.16952215338665397
141,2.35,270.63262939453125,1148.7822265625,968.7672424316406,0.4304512810819198,-0.7417447304452467,0.48581918857796624,0.16883768975287816
142,2.366667,272.3949890136719,1147.0850830078125,969.4049072265625,0.4352797383204107,-0.7360319086925,0.4904386707932176,0.16810261444954405
143,2.383333,273.23858642578125,1146.2300415039062,968.8975219726562,0.4390927387270179,-0.7323023664282836,0.4920771844611098,0.1696786829674532
144,2.4,274.0821838378906,1145.375,968.39013671875,0.44288104450818905,-0.7285409887753327,0.4937215659940407,0.1712408343882618
145,2.416667,274.53282165527344,1144.8094482421875,966.6722106933594,0.4454720324546966,-0.7247321283925369,0.49607596621179634,0.1738581206712467
146,2.433333,274.98345947265625,1144.243896484375,964.9542846679688,0.4480573011536789,-0.7208944747610156,0.4984153351624225,0.17645952741875673
147,2.45,275.3132781982422,1143.4408569335938,962.0953369140624,0.44971879056825265,-0.7155986084678794,0.5036423952918062,0.17893009426419884
148,2.466667,275.6430969238281,1142.6378173828125,959.2363891601562,0.4514237626502811,-0.7102452754414679,0.5087914271436274,0.1813822452526351
149,2.483333,275.8429870605469,1141.2584838867188,955.4258422851562,0.45240616661674676,-0.7034676367655814,0.5166438314047168,0.18314228321729237
150,2.5,276.0428771972656,1139.879150390625,951.6152954101562,0.45348194175569995,-0.6965820675546194,0.5243474461778304,0.18489809990802747
151,2.516667,275.93914794921875,1137.762451171875,947.1389770507812,0.45397512759334846,-0.6897324111595787,0.5324297533824441,0.1862641732478537
152,2.533333,275.8354187011719,1135.645751953125,942.6626586914062,0.45457068244263443,-0.682769722426166,0.5403539070614376,0.18763969709305467
153,2.55,275.2846374511719,1132.72509765625,937.8081054687501,0.45467703651448793,-0.6778884086281598,0.5456707232950174,0.18968278691720153
154,2.566667,274.7338562011719,1129.804443359375,932.9535522460938,0.4548524275534604,-0.6729526442258494,0.5508925665539163,0.19173259476103788
155,2.583333,273.834228515625,1126.0484619140625,927.9407958984375,0.4544182933254128,-0.6711933993988487,0.5520970546673374,0.19542844604173687
156,2.6,272.9346008300781,1122.29248046875,922.9280395507812,0.45400510341675193,-0.6694236824989234,0.5532639143848491,0.19912393231522765
157,2.616667,272.0908966064453,1117.6990356445312,917.900390625,0.4525570438090165,-0.6699394483039554,0.5519221368914383,0.2043409222701715
158,2.633333,271.2471923828125,1113.1055908203125,912.8727416992188,0.45109826272625053,-0.6704446140191411,0.550547733926804,0.209550875841988
159,2.65,270.96275329589844,1107.71875,907.9013366699219,0.4481158215806489,-0.6711240441991703,0.5499690823292981,0.21521788082945154
160,2.666667,270.6783142089844,1102.3319091796875,902.929931640625,0.44514268536540824,-0.6717846311607408,0.5493313003396726,0.2208812383816807
161,2.683333,271.2355499267578,1096.2562255859377,898.0409240722657,0.4404806727301936,-0.671104516033309,0.5517392545142484,0.22622842557670664
162,2.7,271.79278564453125,1090.1805419921875,893.1519165039062,0.4358952316752115,-0.6703619684933416,0.5540398694487518,0.23162469916171732
163,2.716667,273.1240539550781,1083.59228515625,888.39208984375,0.4299509909110728,-0.6683420806411241,0.5588488800720189,0.23695767111686822
164,2.733333,274.455322265625,1077.0040283203125,883.6322631835938,0.4241539131760407,-0.6661871475738559,0.5634911263173311,0.2424167752167475
165,2.75,276.28038024902344,1070.1615600585938,879.0984191894531,0.41766212182740137,-0.6638064564317864,0.5684748372321614,0.24850694119878278
166,2.766667,278.1054382324219,1063.319091796875,874.5645751953125,0.4113532340266916,-0.66126770708977,0.5732527447263643,0.254744631110667
167,2.783333,280.1551971435547,1056.5493774414062,870.3460998535156,0.40499461753318233,-0.6592022608493746,0.5770580271742072,0.2616023171419483
168,2.8,282.2049560546875,1049.7796630859375,866.1276245117188,0.39881233176808256,-0.6570056209632648,0.5806543746569581,0.26857556710191755
169,2.816667,284.35704040527344,1043.447509765625,862.2511596679688,0.39301330680813684,-0.6551090374515589,0.5835779707099188,0.27533514454772845
170,2.833333,286.5091247558594,1037.1153564453125,858.3746948242188,0.3873668265520502,-0.6531105431642656,0.5863171284429841,0.2821804121285613
171,2.85,288.79393005371094,1031.6249389648438,854.8361206054688,0.3824484245975764,-0.6509135448653016,0.5892130198829751,0.28787632211438213
172,2.866667,291.0787353515625,1026.134521484375,851.2975463867188,0.37765777282430113,-0.6486332201389676,0.5919638496487343,0.2936466466122045
173,2.883333,293.5843505859375,1021.977783203125,848.142578125,0.37406832281924823,-0.6458517649493657,0.5954068467709446,0.2973870783898738
174,2.9,296.0899658203125,1017.821044921875,844.9876098632812,0.3705704416649791,-0.64300147950829,0.5987556880478732,0.3011947395700835
175,2.916667,298.8560028076172,1015.6129455566406,842.3505554199219,0.36891939025513,-0.6397700424800346,0.6027913256647995,0.3020519722533721
176,2.933333,301.6220397949219,1013.4048461914062,839.7135009765625,0.36730195020726175,-0.6364883312526514,0.6067875198792745,0.3029534407659312
177,2.95,304.6111145019532,1013.8290405273438,837.7792053222656,0.36820214457041905,-0.6334420473042162,0.6108195964768611,0.3001295953427984
178,2.966667,307.6001892089844,1014.2532348632812,835.8449096679688,0.3690805981609864,-0.630368630630031,0.6148367134463045,0.2973057641171708
179,2.983333,310.71131896972656,1017.895263671875,834.7948608398438,0.3729335894114754,-0.6283442208841206,0.6179892243094353,0.29016098395136314
180,3.0,313.82244873046875,1021.5372924804688,833.7448120117188,0.3767764724689744,-0.626295309503964,0.6210595626882569,0.2829817921362455
181,3.016667,316.8811340332031,1028.6684875488281,833.7362060546875,0.3835867722198825,-0.6258563519737209,0.6226440543024027,0.271070833019609
182,3.033333,319.9398193359375,1035.7996826171875,833.7276000976562,0.3905269980747277,-0.6253424505886807,0.6239246625452746,0.2591399211512004
183,3.05,322.69377136230463,1046.2069091796875,834.8875427246094,0.39986667545409,-0.6265747687610047,0.623449672502871,0.24253083694542876
184,3.066667,325.4477233886719,1056.6141357421875,836.0474853515625,0.40960169120940965,-0.627625653776585,0.6222928024145107,0.2259738067630851
185,3.083333,327.6089630126953,1069.5421142578125,838.4385681152344,0.4206883424296387,-0.6301987381990686,0.6194113650200729,0.20542743195609164
186,3.1,329.77020263671875,1082.4700927734375,840.8296508789062,0.43246249451884866,-0.6324529313318119,0.6154169879280027,0.18504434996496819
187,3.116667,331.0937042236328,1096.7091674804688,844.3388366699219,0.44424465218860565,-0.635806274869414,0.6100604277587194,0.16193623535624224
188,3.133333,332.4172058105469,1110.9482421875,847.8480224609375,0.45688717991763766,-0.6387168709675504,0.6032782322920605,0.13910513294230592
189,3.15,332.79388427734375,1125.0459594726562,852.0650634765625,0.468278700854706,-0.6422492724943859,0.5957290302946902,0.1154896219164683
190,3.166667,333.1705627441406,1139.1436767578125,856.2821044921875,0.48049652054921077,-0.6452778846751495,0.5867140645109888,0.09222880132725075
191,3.183333,332.6995697021485,1151.6752319335935,860.529052734375,0.49067155913706867,-0.6483167551881939,0.5778523808735035,0.07080559239970417
192,3.2,332.22857666015625,1164.206787109375,864.7760009765625,0.501463374839469,-0.6508921240808513,0.5678025007875779,0.04974179935929645
193,3.216667,331.2026672363281,1174.0120239257812,868.2994689941406,0.5098844535857234,-0.6525312725023056,0.5595786860234055,0.03305263297271392
194,3.233333,330.1767578125,1183.8172607421875,871.8229370117188,0.518637695471948,-0.6538564626705762,0.5506452233670044,0.016628440773872863
195,3.25,328.9446105957031,1190.1078491210938,873.9882507324219,0.5248929884355902,-0.6532804469342061,0.5455943692486644,0.006228369670416297
196,3.266667,327.71246337890625,1196.3984375,876.153564453125,0.5312392378958966,-0.6525783875430526,0.540286820687457,-0.004058524724112483
197,3.283333,326.51011657714844,1198.7188110351562,876.5181884765625,0.5349986209371749,-0.6499351196100297,0.5397308326733952,-0.007172458051514199
198,3.3,325.3077697753906,1201.0391845703125,876.8828125,0.5387453849053375,-0.6472697106247511,0.5391564262275317,-0.0102800782344677
199,3.316667,324.2146759033203,1199.1608276367188,875.1958312988281,0.5397377060216966,-0.6438927164875496,0.5422733761128995,-0.004996389880557526
200,3.333333,323.12158203125,1197.282470703125,873.5088500976562,0.5407335459516722,-0.6404802550442911,0.5453367687672283,0.0002895020710463142
201,3.35,322.1622009277344,1191.1552734375,869.7593688964844,0.5385403056220006,-0.6377054829955537,0.5505427678203012,0.014447040483489867
202,3.366667,321.20281982421875,1185.028076171875,866.0098876953125,0.5364054353616482,-0.6348089201576119,0.5553958336681752,0.028675978568131116
203,3.383333,320.4453582763672,1174.8770141601562,860.5368041992188,0.5305180720508742,-0.6324694095413219,0.5621571041183016,0.05012396144759726
204,3.4,319.6878967285156,1164.7259521484375,855.063720703125,0.5248478765073953,-0.629856772676196,0.5680393939036418,0.07173840960871729
205,3.416667,319.2198944091797,1151.2548828125,848.6092834472656,0.5154503858962259,-0.6262253572051053,0.5769149602449362,0.09654962619479023
206,3.433333,318.75189208984375,1137.7838134765625,842.1548461914062,0.5067112022094024,-0.6221199395797297,0.5843050908678407,0.12164743778123828
207,3.45,318.5981903076172,1122.2929077148435,835.7442321777343,0.49525278558098335,-0.6157380874830648,0.5954263032515735,0.1451165166104099
208,3.466667,318.4444885253906,1106.802001953125,829.3336181640625,0.4850377065235959,-0.60872904399745,0.6046677529349604,0.16900971216136149
209,3.483333,318.54908752441406,1091.00244140625,823.9488525390625,0.4734835277433761,-0.60037746465777,0.6164551392357198,0.18799816540771072
210,3.5,318.6536865234375,1075.202880859375,818.5640869140625,0.4633582759602479,-0.5913929019079374,0.6264993119271767,0.20749013428794533
211,3.516667,318.9059143066406,1060.7415771484375,814.7239990234375,0.45290324034870233,-0.583827993524821,0.6363924579679388,0.22142305277443983
212,3.533333,319.15814208984375,1046.2802734375,810.8839111328125,0.4434633918741853,-0.5757495615669971,0.6451659755776934,0.23582520302066204
213,3.55,319.4132080078125,1034.2479248046877,808.4451293945314,0.43418063947628205,-0.5713878849314218,0.651570446005361,0.24588414172113293
214,3.566667,319.66827392578125,1022.215576171875,806.00634765625,0.42535853987395783,-0.566668542649109,0.6574761794047648,0.25628489780621716
215,3.583333,319.80406188964844,1012.9330749511719,804.4398803710938,0.4169021008120628,-0.5659966658690301,0.6603538886883422,0.2641460850700138
216,3.6,319.9398498535156,1003.6505737304688,802.8734130859375,0.40857866797329484,-0.565098887064542,0.6630508384844345,0.2721953443772919
217,3.616667,319.9237976074219,996.8471069335938,801.7473754882812,0.40097666391523823,-0.5669383842542324,0.6633007875475891,0.2789814486544842
218,3.633333,319.9077453613281,990.0436401367188,800.621337890625,0.3933857123122654,-0.5686409976777321,0.6634690380252602,0.28583899784753053
219,3.65,319.7830505371094,985.2895812988281,799.7729187011719,0.3872272990961526,-0.5711136391835125,0.6625052193431402,0.29149796623023194
220,3.666667,319.6583557128906,980.5355224609375,798.9244995117188,0.38105463635420805,-0.5735097418284388,0.6614921761821746,0.29717341905125116
221,3.683333,319.494873046875,977.6337890625001,798.3030700683594,0.3770592272775326,-0.5751782397671701,0.6606460165268772,0.3009039256480032
222,3.7,319.3313903808594,974.7320556640625,797.681640625,0.3730567804498206,-0.5768157171269533,0.6597785960914072,0.3046382628222931
223,3.716667,319.2394256591797,973.8461303710938,797.2335815429688,0.3715400974070146,-0.5775647409634477,0.6594335164369185,0.3058175328758183
224,3.733333,319.1474609375,972.960205078125,796.7855224609375,0.37002163088678297,-0.5783094855494079,0.6590864596819367,0.3069970199584932
225,3.75,319.3206481933594,974.4904479980469,796.5420837402344,0.3708532150955944,-0.5789869244451178,0.6588327467581899,0.30525636107033544
226,3.766667,319.49383544921875,976.0206909179688,796.2986450195312,0.3716936244214029,-0.5796624964810446,0.6585687125843117,0.30351687027723195
227,3.783333,320.16514587402344,980.4056701660156,796.4817504882812,0.3747122876052672,-0.5809589394834495,0.6581450258342275,0.29819882146238824
228,3.8,320.8364562988281,984.7906494140625,796.6648559570312,0.3777948514214811,-0.582232550077697,0.6576392642072355,0.2928940184476441
229,3.816667,322.1192626953125,992.3346557617189,797.5957946777344,0.3830586445549547,-0.584345883871821,0.6570111199012384,0.28309424430726593
230,3.833333,323.4020690917969,999.878662109375,798.5267333984375,0.38852515578014224,-0.5863947138702441,0.6561116798563635,0.2733256417299913
231,3.85,325.14520263671875,1010.5571899414062,800.4408874511719,0.39603681991845846,-0.589559983714687,0.6548075971818822,0.2584586495826796
232,3.866667,326.8883361816406,1021.2357177734375,802.3550415039062,0.40400683181937225,-0.5925907852881142,0.6528761756269759,0.24365414080943443
233,3.883333,328.70982360839844,1034.482666015625,805.3638305664062,0.41329409163839353,-0.5973242929058336,0.6498350125776794,0.2238440067312687
234,3.9,330.53131103515625,1047.7296142578125,808.3726196289062,0.42341795809647914,-0.6018145313518362,0.6456418416275749,0.20416443116990673
235,3.916667,332.0242004394531,1062.3925170898438,812.4747314453125,0.43351744152518285,-0.6084406887876804,0.6397387815545603,0.18054597058953992
236,3.933333,333.51708984375,1077.055419921875,816.5768432617188,0.4448318804621664,-0.614674105639416,0.6321370271479781,0.15717226501324394
237,3.95,334.4383239746094,1091.639831542969,821.5237731933595,0.454665729462041,-0.6227788541001629,0.6228402008132992,0.13227115176518017
238,3.966667,335.35955810546875,1106.2242431640625,826.470703125,0.46584186897768715,-0.6303369891759057,0.6116027878353172,0.10774350605070156
239,3.983333,335.68267822265625,1119.2317504882812,831.6399230957031,0.4745497039851613,-0.6388369597179722,0.5995007847252786,0.08537403855780269
240,4.0,336.00579833984375,1132.2392578125,836.8091430664062,0.48437234898924375,-0.6467318461567862,0.5857447621224614,0.0634383192351308
241,4.016667,335.8825225830078,1142.3802490234375,841.3092651367188,0.4913705490970957,-0.6542741978096944,0.5729064029600092,0.047523794123817284
242,4.033333,335.7592468261719,1152.521240234375,845.8093872070312,0.49905319284725674,-0.6613282372551305,0.559078832875452,0.031964542052139375
243,4.05,335.4049530029297,1158.8157958984375,848.7588500976562,0.5038447685963222,-0.6666673364540376,0.5486965300656912,0.025044551448721968
244,4.066667,335.0506591796875,1165.1103515625,851.7083129882812,0.5088920518330845,-0.6717629918128549,0.5379855168514042,0.018301531899898884
245,4.083333,334.5737609863281,1166.9083251953125,852.4846801757812,0.510810153017117,-0.674300843346956,0.5328607420499173,0.021231811468296464
246,4.1,334.09686279296875,1168.706298828125,853.2610473632812,0.5127079462726796,-0.6767931920082618,0.5277274440345425,0.024192599961318135
247,4.116667,333.4403076171875,1165.63037109375,851.6221618652344,0.5109163297985936,-0.6767737932667134,0.5287561331586166,0.036860389846904366
248,4.133333,332.78375244140625,1162.554443359375,849.9832763671875,0.509064595591549,-0.6766995836432557,0.5295996306849567,0.049549391425268416
249,4.15,331.85496520996094,1154.49365234375,846.1151428222656,0.5029718294523544,-0.6744023121055868,0.5358869294906936,0.0708947036458079
250,4.166667,330.9261779785156,1146.432861328125,842.2470092773438,0.49707123366310885,-0.6718212012369114,0.5413330182008212,0.09238520248837341
251,4.183333,329.7405090332031,1133.7760009765625,836.8103637695312,0.48700628414090813,-0.6666312880328761,0.5515571764879883,0.1192152930101338
252,4.2,328.5548400878906,1121.119140625,831.3737182617188,0.4777700862571948,-0.6608333690708319,0.5600108342520149,0.14636553050718182
253,4.216667,327.21075439453125,1105.192138671875,825.4609680175781,0.4654114442797123,-0.6519866680830042,0.5730741798784025,0.17289174801647192
254,4.233333,325.8666687011719,1089.26513671875,819.5482177734375,0.4547333331715406,-0.6423265052038435,0.583673382531557,0.1998990718825082
255,4.25,324.380615234375,1072.4998779296875,814.3662414550781,0.44260673650106647,-0.6313478946809619,0.5974831651338423,0.22025662320901568
256,4.266667,322.8945617675781,1055.734619140625,809.1842651367188,0.43233815698868977,-0.6195969924030871,0.6091028736576449,0.24119903465534612
257,4.283333,321.1518249511719,1041.0352172851562,805.5341796875,0.422286862935296,-0.611190740442917,0.6196732621380605,0.25322861682732456
258,4.3,319.4090881347656,1026.3358154296875,801.8840942382812,0.4131743244356191,-0.602246172890836,0.6292503805333737,0.265763961936368
259,4.316667,317.39369201660156,1015.8448181152344,799.8589477539062,0.4053642498497115,-0.6011565995504783,0.6330452136386017,0.2711905699871285
260,4.333333,315.3782958984375,1005.3538208007812,797.8338012695312,0.39764252852265564,-0.5998572233315806,0.6367331205264923,0.27680799184927934
261,4.35,313.38511657714844,999.5831604003906,797.0018310546875,0.39147837824874776,-0.6067804035122412,0.6335568478604265,0.27779118381693174
262,4.366667,311.3919372558594,993.8125,796.1698608398438,0.3852913897952444,-0.6136503937148879,0.6303209763613451,0.278709895773531
263,4.383333,309.88710021972656,991.8167114257812,795.9931945800781,0.3804956669781677,-0.6250199033164977,0.6230926867519021,0.27627644051813605
264,4.4,308.38226318359375,989.8209228515625,795.8165283203125,0.37590356184804063,-0.636312783220889,0.615534148836539,0.27371566582079226
265,4.416667,307.6944122314453,990.1018676757812,795.9190673828125,0.37256512650469786,-0.6476922516989487,0.6077199721477006,0.2690100538167342
266,4.433333,307.0065612792969,990.3828125,796.0216064453125,0.3695432601382314,-0.6589771828633648,0.5994843414722607,0.2642070697037475
267,4.45,307.17523193359375,991.7118835449219,796.2394104003906,0.36764655232017207,-0.6676232183238191,0.593326893305087,0.25899507447627534
268,4.466667,307.3439025878906,993.0409545898438,796.4572143554688,0.3659839922051429,-0.6762035652533248,0.5868762208687393,0.2537336342842724
269,4.483333,308.1436004638672,994.739013671875,796.7799682617188,0.36527942879564057,-0.6812358405830401,0.583340934314173,0.24940333349279212
270,4.5,308.94329833984375,996.4370727539062,797.1027221679688,0.3646767133517063,-0.6862427257299609,0.579680169270978,0.2450565597483184
271,4.516667,310.00018310546875,998.2431640625,797.5701904296875,0.36494829782537536,-0.6879542730068309,0.5788029260605585,0.24190665751429766
272,4.533333,311.05706787109375,1000.0492553710938,798.0376586914062,0.36524291310554635,-0.6896619007564675,0.5778934686833476,0.2387534626435383
273,4.55,312.0191955566406,1001.905029296875,798.6607055664062,0.36643234973764466,-0.6889426240684415,0.5789734381498503,0.23637925400588758
274,4.566667,312.9813232421875,1003.7608032226562,799.2837524414062,0.36761874087780405,-0.6882202389346842,0.5800453285272623,0.23400166864747868
275,4.583333,313.64601135253906,1005.6620788574219,800.0320129394531,0.36969347946564063,-0.6861407264758339,0.5819502378162381,0.232102467495343
276,4.6,314.3106994628906,1007.5633544921875,800.7802734375,0.37175982465884816,-0.6840525860451953,0.5838468077960267,0.2301946943804153
277,4.616667,314.64039611816406,1009.4792785644531,801.5987854003906,0.3745785058926189,-0.6815344218783375,0.5855152968488794,0.2288528170553778
278,4.633333,314.9700927734375,1011.3952026367188,802.4172973632812,0.377387541859249,-0.6790034183780759,0.5871766661086999,0.2275006897963024
279,4.65,315.0343475341797,1013.239501953125,803.2347106933594,0.3806540660894887,-0.6765722465794952,0.5881575360855267,0.22676681828194414
280,4.666667,315.0986022949219,1015.0838012695312,804.0521240234375,0.38390879017081475,-0.6741244063202634,0.5891367574142033,0.22602700435216128
281,4.683333,315.0036315917969,1016.7326354980469,804.7947082519531,0.3871771301177199,-0.6718907899424656,0.5896914907489242,0.2256558929933072
282,4.7,314.9086608886719,1018.3814697265625,805.5372924804688,0.3904328117423328,-0.6696396596028208,0.5902479747488044,0.22528265380834214
283,4.716667,314.740966796875,1019.7211608886719,806.1633605957031,0.3932381575719075,-0.6675116464987378,0.5908872657944167,0.2250426456029928
284,4.733333,314.5732727050781,1021.0608520507812,806.7894287109375,0.3960340263782088,-0.6653707094124497,0.5915269154095943,0.22479941581918872
285,4.75,314.3617706298828,1022.0284729003906,807.3183898925781,0.39808958987349363,-0.6632832261311771,0.5925098812196253,0.22474892886168962
286,4.766667,314.1502685546875,1022.99609375,807.8473510742188,0.4001411342752741,-0.6611884706713165,0.5934895785752148,0.2246931219126142
287,4.783333,313.86395263671875,1023.5902709960938,808.3554077148438,0.4013678794962407,-0.6592731359994731,0.5946450176903464,0.2250778985021828
288,4.8,313.57763671875,1024.1844482421875,808.8634643554688,0.4025964134339471,-0.65735395224991,0.5957940081885599,0.22545822042710198
289,4.816667,313.1645812988281,1024.455810546875,809.4505004882812,0.4030297620417541,-0.6559284396547419,0.5966944554965695,0.22645224604828965
290,4.833333,312.75152587890625,1024.7271728515625,810.0375366210938,0.40346859718699396,-0.6545011354731596,0.5975871648326375,0.22744435621838174
291,4.85,312.1879119873047,1024.7650756835938,810.7873840332031,0.4032577659230728,-0.6537727785311804,0.5979479120896315,0.22895987137925
292,4.866667,311.6242980957031,1024.802978515625,811.5372314453125,0.40305199768561906,-0.6530436304253324,0.5983013231934255,0.23047479382251332
293,4.883333,310.93408203124994,1024.7186889648438,812.4842224121094,0.4024997226264557,-0.6528616721792568,0.5982015517751722,0.2322079105859809
294,4.9,310.2438659667969,1024.6343994140625,813.4312133789062,0.40195011115580553,-0.652678955873272,0.5980954987807802,0.23394029802533148
295,4.916667,309.46876525878906,1024.540771484375,814.5460510253906,0.4014180240997015,-0.6527145588288125,0.5977180890289938,0.23571245335859553
296,4.933333,308.69366455078125,1024.4471435546875,815.660888671875,0.40088680103522384,-0.6527494161539726,0.597335398673093,0.23748346038924445
297,4.95,307.83433532714844,1024.4432373046875,816.8659057617188,0.40063089744674507,-0.652821126792208,0.596596827397221,0.23956561932868758
298,4.966667,306.9750061035156,1024.4393310546875,818.0709228515625,0.4003736381935061,-0.6528915607699127,0.5958528979065684,0.24164619544173951
299,4.983333,305.9738311767578,1024.602294921875,819.2613830566406,0.4005376269762155,-0.6528482532951735,0.5945857034666424,0.2445947848560569
300,5.0,304.97265625,1024.7652587890625,820.4518432617188,0.4006951562941768,-0.6528006157641799,0.5933109679713052,0.24754159865615644
301,5.016667,303.7644805908203,1025.1284790039062,821.4988403320312,0.4014538956462917,-0.6520963791635013,0.5918151439671063,0.25171395933372603
302,5.033333,302.5563049316406,1025.49169921875,822.5458374023438,0.4022015153809459,-0.6513826288581116,0.590303895827496,0.25588263406891676
303,5.05,301.12107849121094,1026.0149536132812,823.3063354492188,0.4038070182650193,-0.6489820574651771,0.5895458996051406,0.2611471105468049
304,5.066667,299.68585205078125,1026.5382080078125,824.0668334960938,0.40541583492275535,-0.646568302175575,0.5887448383773767,0.26639622125637574
305,5.083333,298.0481414794922,1027.1078491210938,824.4208984375,0.4080607784889237,-0.6413644438194596,0.5900410287332283,0.2720103594986828
306,5.1,296.4104309082031,1027.677490234375,824.7749633789062,0.4107690305912451,-0.6361431698420372,0.5912201221579725,0.2775778055356122
307,5.116667,294.59875488281256,1028.1524658203125,824.6596069335938,0.4143868442748128,-0.6277471145585803,0.5954303291824184,0.28227615298684955
308,5.133333,292.7870788574219,1028.62744140625,824.5442504882812,0.41816138811864445,-0.6193171259908051,0.5994036353008272,0.28688435462626877
309,5.15,290.79872131347656,1028.9051513671875,823.9498901367188,0.4222709185252818,-0.6089738921136757,0.60574619462468,0.2896715688317639
310,5.166667,288.81036376953125,1029.182861328125,823.3555297851562,0.4265767952405011,-0.5985735378916387,0.611779547132647,0.29234866719108515
311,5.183333,286.6282501220703,1029.2510375976562,822.3197937011719,0.4302853244034806,-0.589420155160488,0.6174722029635564,0.29354130690741037
312,5.2,284.4461364746094,1029.3192138671875,821.2840576171875,0.4341201778606283,-0.5802231600502372,0.6229450418275283,0.2946527287809706
313,5.216667,282.11053466796875,1029.2597045898438,819.9187927246094,0.4364019801018792,-0.5759740841109381,0.6247953256442532,0.2956991160771649
314,5.233333,279.7749328613281,1029.2001953125,818.5535278320312,0.4387088198357701,-0.5717207173623591,0.6265991625655218,0.2967212196813066
315,5.25,277.4582061767578,1029.1456298828125,817.0748291015625,0.43885055144590684,-0.5741498299397658,0.6233821560157627,0.29859144970494467
316,5.266667,275.1414794921875,1029.091064453125,815.5961303710938,0.4389801817953748,-0.5765536163075085,0.6201588093608659,0.30047525469786585
317,5.283333,273.1542663574219,1029.162353515625,814.3082580566406,0.4369673394084618,-0.5840377313773633,0.6135528952691952,0.3025100284695716
318,5.3,271.16705322265625,1029.233642578125,813.0203857421875,0.4349847437336115,-0.5914417714392152,0.6068289009655669,0.30453832052595553
319,5.316667,269.85089111328125,1029.4937133789062,812.2435607910156,0.4316351789311266,-0.6002883254524787,0.6001806860251723,0.3051690396434523
320,5.333333,268.53472900390625,1029.7537841796875,811.4667358398438,0.42837030409351173,-0.6090625917102576,0.5933465228890538,0.305747519573726
321,5.35,268.08970642089844,1030.177734375,811.4632873535156,0.42489810931985844,-0.6161416344562091,0.589380638463224,0.30407490194148457
322,5.366667,267.6446838378906,1030.6016845703125,811.4598388671875,0.42150051125088567,-0.6231920278349308,0.5852832116639468,0.302345129946829
323,5.383333,268.0244140625,1031.0686645507812,812.4025268554688,0.41869286118180277,-0.6273543144851462,0.5846294513884513,0.2988833495889427
324,5.4,268.4041442871094,1031.53564453125,813.34521484375,0.4159030674011124,-0.631502880123948,0.5839269206206992,0.295394824423062
325,5.416667,269.3642883300781,1031.8804931640625,815.2667236328125,0.41374617661322105,-0.6332218759375233,0.5855276915597932,0.29155013220501996
326,5.433333,270.3244323730469,1032.225341796875,817.188232421875,0.41156480380960664,-0.634918877851733,0.5871261301912929,0.28770703512297613
327,5.45,271.56333923339844,1032.3273315429688,819.9291687011719,0.4095759731619631,-0.635172088587497,0.5897031141608434,0.2847001532083025
328,5.466667,272.80224609375,1032.4293212890625,822.6701049804688,0.40755300799688804,-0.6353945302030838,0.5922941590910636,0.28171255876744433
329,5.483333,274.0687713623047,1032.2469482421875,825.9452819824219,0.40525794369258933,-0.6349244588681734,0.5952100986486515,0.2799319007753028
330,5.5,275.3352966308594,1032.0645751953125,829.220458984375,0.40293561741087225,-0.6344155429276961,0.5981417142939291,0.2781839260902677
331,5.516667,276.4609832763672,1031.6192016601562,832.7554626464844,0.4000838033502086,-0.6336546050955414,0.6012421696297572,0.27734931980617417
332,5.533333,277.586669921875,1031.173828125,836.2904663085938,0.3972125098382575,-0.6328438277045957,0.6043551397626996,0.2765606204914145
333,5.55,278.4812927246094,1030.53759765625,839.8757019042969,0.3938255833251076,-0.6320643727771224,0.6075211996139955,0.2762499422698105
334,5.566667,279.37591552734375,1029.9013671875,843.4609375,0.3904222889203962,-0.6312247652447499,0.6106980995910809,0.27599558549315856
335,5.583333,279.99920654296875,1029.1726684570312,846.9219970703125,0.38678559814892793,-0.6307023317387876,0.6135716252794576,0.275937185706742
336,5.6,280.62249755859375,1028.4439697265625,850.383056640625,0.38313273735668996,-0.6301204591315319,0.616456205889421,0.27593343177269586
337,5.616667,280.93971252441406,1027.6963500976562,853.5556640624999,0.37966161335510445,-0.6302919394832934,0.6183927115025551,0.27600649399516874
338,5.633333,281.2569274902344,1026.94873046875,856.728271484375,0.3761750459722477,-0.6304218240163133,0.6203398266573847,0.27611439305912244
339,5.65,281.24290466308594,1026.21044921875,859.4691772460938,0.3732032345593049,-0.6317148520427739,0.6207374915892758,0.27629813238330536
340,5.666667,281.2288818359375,1025.47216796875,862.2100830078125,0.3702204106125923,-0.6329893123856809,0.6211399789596397,0.276489610129142
341,5.683333,280.91326904296875,1024.7506713867188,864.408203125,0.36786625929166367,-0.635401085298703,0.6199286741518121,0.27681819853536566
342,5.7,280.59765625,1024.0291748046875,866.6063232421875,0.36550854464128385,-0.6378048404163593,0.6187106067809663,0.27713836687185944
343,5.716667,280.05755615234375,1023.3421630859375,868.1650085449219,0.3637058302273686,-0.6409244994794184,0.616290861403628,0.27770385156863003
344,5.733333,279.5174560546875,1022.6551513671875,869.7236938476562,0.3619045742478623,-0.6440342576211017,0.6138543906554144,0.2782584072799597
345,5.75,278.8240661621094,1022.0543823242188,870.5592041015625,0.36058254456689803,-0.6475548743613886,0.6104703382385145,0.2792469863318509
346,5.766667,278.13067626953125,1021.45361328125,871.3947143554688,0.3592615494578024,-0.6510577365845661,0.6070640090510238,0.2802289271817942
347,5.783333,277.3275909423828,1021.0239868164062,871.4883117675781,0.35851974915251383,-0.6549322108749663,0.6025929814454583,0.2817961804899432
348,5.8,276.5245056152344,1020.5943603515625,871.5819091796875,0.35777332683911234,-0.6587733532197083,0.5980959217686963,0.28336757763334275
349,5.816667,275.6294250488281,1020.4261474609375,871.0169067382812,0.3578813192957326,-0.6627746030114874,0.592617641168286,0.2854034307401509
350,5.833333,274.7343444824219,1020.2579345703125,870.451904296875,0.3579751582690366,-0.6667191595190095,0.587114550547133,0.2874645246432361
351,5.85,273.7335205078125,1020.4102172851562,869.3719482421875,0.35918922222858896,-0.6702648110324892,0.5812702733714241,0.2895739197875265
352,5.866667,272.7326965332031,1020.5625,868.2919921875,0.3603802171413991,-0.6737337993463349,0.5754126161430316,0.2917347903403064
353,5.883333,271.60125732421875,1021.0263671875,866.8368530273438,0.36269108281516743,-0.6763500677297167,0.5699796719414889,0.293477320932711
354,5.9,270.4698181152344,1021.490234375,865.3817138671875,0.36497525656557234,-0.67888278754013,0.5645490616362132,0.2952889769061971
355,5.916667,269.22206115722656,1022.1712036132812,863.6599731445312,0.3680211163225877,-0.6805037495840492,0.5600175636783385,0.2964041718911928
356,5.933333,267.97430419921875,1022.8521728515625,861.938232421875,0.37104321318018,-0.6820483675631793,0.5554977166491443,0.2975890539904262
357,5.95,266.6854248046875,1023.5963745117188,860.0162963867188,0.3743150400455555,-0.682780694449052,0.5521094654280807,0.2981172793852838
358,5.966667,265.39654541015625,1024.340576171875,858.0943603515625,0.3775685027927816,-0.6834547656066869,0.5487346798523871,0.2987002848937777
359,5.983333,264.1734619140625,1024.9794921875,856.0036926269531,0.3806532974420892,-0.6833889733729633,0.5464977620296932,0.29903640968157774
360,6.0,262.95037841796875,1025.618408203125,853.9130249023438,0.3837215508448235,-0.6832852573284547,0.5442744640080059,0.29940664048018184
361,6.016667,261.8761444091797,1026.0143432617188,851.6856079101562,0.3863471640776937,-0.6825779243770473,0.5429253076064118,0.300092246355564
362,6.033333,260.8019104003906,1026.4102783203125,849.4581909179688,0.38895613392713724,-0.681847979617483,0.5415892070739026,0.3007949290680823
363,6.05,259.8858337402344,1026.4989013671875,847.1495971679688,0.39095114999679964,-0.6807683260616507,0.5407857573398073,0.30209675470916414
364,6.066667,258.9697570800781,1026.5875244140625,844.8410034179688,0.39293278262132025,-0.6796758919717273,0.5399908172087917,0.3034047256456046
365,6.083333,258.1511688232422,1026.3853759765625,842.5235595703125,0.39420583137900295,-0.6785771628770602,0.5394527538829004,0.305164747073878
366,6.1,257.33258056640625,1026.1832275390625,840.2061157226562,0.3954717482238306,-0.6774718925043247,0.5389162978699301,0.30692532497916275
367,6.116667,256.5408401489258,1025.7509765625,837.9584350585938,0.3959823906972753,-0.6767720949088959,0.5383691849574684,0.30876544252640387
368,6.133333,255.7490997314453,1025.3187255859375,835.7107543945312,0.3964904448033295,-0.6760694917780075,0.5378197985853983,0.310604626038065
369,6.15,254.95467376708984,1024.7232666015625,833.611572265625,0.3962233204404222,-0.6761812386004575,0.5369642425760073,0.3121784987770502
370,6.166667,254.16024780273438,1024.1278076171875,831.5123901367188,0.39595412058153884,-0.6762914532364084,0.5361065831020515,0.31375139239297456
371,6.183333,253.3785629272461,1023.4352722167969,829.626953125,0.3949511007887241,-0.6774769475573543,0.5346628163439288,0.3149194918281864
372,6.2,252.5968780517578,1022.7427368164062,827.7415161132812,0.3939450431766824,-0.678659146961215,0.5332161346439469,0.31608482873710697
373,6.216667,251.87599182128906,1022.0245666503906,826.1107482910156,0.39238270904306016,-0.6808079804627163,0.5311414682985698,0.31689910702926627
374,6.233333,251.1551055908203,1021.306396484375,824.47998046875,0.3908182898442897,-0.6829496041675006,0.5290589136503061,0.31770673328999005
375,6.25,250.56373596191406,1020.6290588378906,823.1121520996094,0.38898482933561823,-0.6854931930593631,0.5267986674886436,0.31823426708669866
376,6.266667,249.9723663330078,1019.9517211914062,821.7443237304688,0.3871508544633346,-0.6880276004627376,0.5245273528530858,0.3187527144962563
377,6.283333,249.56575775146484,1019.3511962890625,820.5824890136719,0.3852735981272605,-0.6902951697213574,0.5227484657920546,0.31904682220246283
378,6.3,249.15914916992188,1018.7506713867188,819.420654296875,0.3833949146106403,-0.6925554031064014,0.5209622566954277,0.3193331805147049
379,6.316667,248.9447250366211,1018.218505859375,818.313720703125,0.38152202663301926,-0.694260077606763,0.5199378987687651,0.319544158543395
380,6.333333,248.7303009033203,1017.6863403320312,817.206787109375,0.3796455165535349,-0.6959590726131081,0.5189118602233168,0.31975104742264593
381,6.35,248.65780639648438,1017.1781005859375,815.9513549804688,0.37770150588709456,-0.6972515642983763,0.5183477117639137,0.3201522735249635
382,6.366667,248.58531188964844,1016.6698608398438,814.6959228515625,0.3757529979207405,-0.6985380819335296,0.5177841242690383,0.3205523877576744
383,6.383333,248.5460433959961,1016.121337890625,813.1275939941406,0.37365304803901855,-0.6996751806771627,0.5172275084464214,0.32142455684318477
384,6.4,248.50677490234375,1015.5728149414062,811.5592651367188,0.371549054696071,-0.7008055390579696,0.5166701513764822,0.3222962163239396
385,6.416667,248.36174774169922,1014.9124450683594,809.6221923828125,0.3693283313176487,-0.7018304691386807,0.5159752751814785,0.3237284227189483
386,6.433333,248.2167205810547,1014.2520751953125,807.6851196289062,0.3671046941836924,-0.7028481628006471,0.5152765039752558,0.325159542389718
387,6.45,247.8699722290039,1013.4138488769531,805.4543762207031,0.3650145225452308,-0.7035253167491261,0.5147028982924137,0.32695176022390254
388,6.466667,247.52322387695312,1012.5756225585938,803.2236328125,0.3629243667920021,-0.7041959366767175,0.5141222679716857,0.3287434871328631
389,6.483333,246.98121643066406,1011.5253295898438,800.8694763183594,0.3613504599490494,-0.704165809724203,0.514156840381095,0.33048313270028984
390,6.5,246.439208984375,1010.4750366210938,798.5153198242188,0.35978199111084813,-0.7041309183648674,0.5141821949259593,0.3322246816479546
391,6.516667,245.7904052734375,1009.2459411621094,796.2164611816406,0.35896185006228104,-0.7032144095579742,0.5152046185486928,0.3334667680834031
392,6.533333,245.1416015625,1008.016845703125,793.9176025390625,0.3581519048517787,-0.7022930808708248,0.5162160432372132,0.3347127698736983
393,6.55,244.48382568359375,1006.7222900390625,791.7899169921875,0.35795127517075476,-0.7007907065356346,0.5180715744758495,0.3352090600759939
394,6.566667,243.8260498046875,1005.427734375,789.6622314453125,0.35775974048562237,-0.6992811373764982,0.5199164206706793,0.33570936018240555
395,6.583333,243.2267303466797,1004.2254943847656,787.7578430175781,0.3577646574223972,-0.6978726441629115,0.5219221018072986,0.3355227892014977
396,6.6,242.62741088867188,1003.0232543945312,785.8534545898438,0.3577724803289562,-0.696456687259853,0.523921941163832,0.3353397302101562
397,6.616667,242.1343536376953,1002.0431213378906,784.1937561035157,0.3575950375448961,-0.6956947485604721,0.5254452562503105,0.33472658787836285
398,6.633333,241.64129638671875,1001.06298828125,782.5340576171875,0.3574157156065181,-0.6949278840690737,0.5269681643142745,0.334116440750832
399,6.65,241.30357360839844,1000.3409423828125,781.1280822753906,0.35691391851829224,-0.6948848739159865,0.5278806522844927,0.3333008906594458
400,6.666667,240.96585083007812,999.618896484375,779.7221069335938,0.3564091080846974,-0.6948388261126024,0.5287946004286314,0.3324873290191001
401,6.683333,240.83192443847656,999.0820007324219,778.5717163085938,0.3556614017826359,-0.6952174109505559,0.5293886148479854,0.33155001623065533
402,6.7,240.697998046875,998.5451049804688,777.4213256835938,0.3549106747021157,-0.6955931754339184,0.5299839745694558,0.3306138744393668
403,6.716667,240.77903747558594,998.0581665039062,776.5173950195312,0.35401888860323566,-0.6960845464499107,0.5305942689669717,0.32955523428578215
404,6.733333,240.86007690429688,997.5712280273438,775.6134643554688,0.353123382413392,-0.6965723550672159,0.531206142207089,0.3284978925815198
405,6.75,241.09632110595703,997.0154724121094,774.9183044433594,0.3520664136037226,-0.697128486818471,0.5319096749425324,0.32731210026659735
406,6.766667,241.3325653076172,996.459716796875,774.22314453125,0.3510044788323564,-0.697679788398441,0.532615417162396,0.3261281743438601
407,6.783333,241.60305786132812,995.7933959960938,773.6624145507812,0.34970184829074075,-0.6985368470231939,0.5331222022417852,0.3248624449360131
408,6.8,241.87355041503906,995.1270751953125,773.1016845703125,0.3483941645813117,-0.6993884470989132,0.5336307718356216,0.32359775261948165
409,6.816667,242.03636169433594,994.3945617675781,772.58740234375,0.3468851386521087,-0.7008988418302797,0.5333369307862715,0.32243329909108287
410,6.833333,242.1991729736328,993.6620483398438,772.0731201171875,0.34537526338807906,-0.7024047809837604,0.533040192819131,0.321265628304857
411,6.85,242.1410369873047,992.9621887207031,771.5377502441406,0.34391560985558167,-0.7047491624696055,0.5313945788039927,0.32042233522927255
412,6.866667,242.08290100097656,992.2623291015625,771.0023803710938,0.3424639481167508,-0.7070878773215497,0.5297352137039035,0.31957124612091153
413,6.883333,241.76459503173828,991.7018127441406,770.4223327636719,0.34146625439119316,-0.7099421442941205,0.5268894683474804,0.3190147912113549
414,6.9,241.4462890625,991.1412963867188,769.84228515625,0.34048462644646743,-0.7127840490843148,0.5240194973569088,0.318453583610534
415,6.916667,240.9124298095703,990.7966003417969,769.2380676269531,0.3403363360736767,-0.7153327077949868,0.5210352367708286,0.3177932937457995
416,6.933333,240.37857055664062,990.451904296875,768.6338500976562,0.34020698864260224,-0.7178658627882308,0.5180267090639822,0.3171374096797498
417,6.95,239.71116638183594,990.3623046875,768.0312805175781,0.3410256364164125,-0.7194392087145802,0.516017700594166,0.31596593636724385
418,6.966667,239.04376220703125,990.272705078125,767.4287109375,0.34186071377208405,-0.721001499023642,0.5139913159015266,0.31480314160236644
419,6.983333,238.3004608154297,990.4546508789062,766.8185119628906,0.3433805835900491,-0.7216328402293912,0.5131735524829427,0.31303150599876667
420,7.0,237.55715942382812,990.6365966796875,766.2083129882812,0.3449120253972206,-0.7222568432271691,0.5123420104144674,0.31126582130451363
421,7.016667,236.76512145996094,991.0857238769531,765.5684814453125,0.3467008718143673,-0.722411383672254,0.5123417887535011,0.30891129749615837
422,7.033333,235.97308349609375,991.5348510742188,764.9286499023438,0.3484982850281144,-0.722559875677179,0.5123262545840361,0.3065582819917544
423,7.05,235.17970275878906,992.2204895019531,764.2855834960938,0.35033466474560443,-0.7225251566762253,0.5129682961291435,0.30345765407045583
424,7.066667,234.38632202148438,992.9061279296875,763.6425170898438,0.3521776412609137,-0.7224844144597412,0.5135899556614283,0.3003540199537141
425,7.083333,233.69255828857422,993.778076171875,763.1086730957031,0.3542593014884215,-0.7221530967262535,0.514843440418769,0.2965324333953768
426,7.1,232.99879455566406,994.6500244140625,762.5748291015625,0.3563435145992898,-0.7218134763972054,0.5160708622871112,0.292703723913182
427,7.116667,232.50730895996094,995.6513366699219,762.324462890625,0.35908645080571844,-0.7208963227683828,0.5176055143926008,0.28887703982342894
428,7.133333,232.0158233642578,996.6526489257812,762.0740966796875,0.3618274738282269,-0.7199671609062128,0.5191140936196702,0.2850416183738081
429,7.15,231.7258758544922,997.7452392578125,762.2320556640625,0.3652672575199681,-0.718475448970059,0.5202796948447189,0.28227982383337186
430,7.166667,231.43592834472656,998.8378295898438,762.3900146484375,0.36870137411547393,-0.7169671895432463,0.5214303535112526,0.2795133847974908
431,7.183333,231.23214721679688,1000.0371398925781,762.924072265625,0.37221058640813315,-0.7154373021412681,0.5217025704210818,0.27827176300619094
432,7.2,231.0283660888672,1001.2364501953125,763.4581298828125,0.3757101810380635,-0.7138878408585992,0.521975010532888,0.2770344724358041
433,7.216667,230.81621551513672,1002.6261901855469,764.2095031738281,0.3786248917662884,-0.7128658530446919,0.5214599807840598,0.276667589967669
434,7.233333,230.60406494140625,1004.0159301757812,764.9608764648438,0.3815304407194911,-0.7118267812965969,0.5209507110415038,0.276310537074989
435,7.25,230.41722869873047,1005.7458801269531,765.7581481933594,0.3838778978981597,-0.7113268281293232,0.520255590002938,0.2756556260254109
436,7.266667,230.2303924560547,1007.475830078125,766.555419921875,0.3862226024672061,-0.7108147231677994,0.5195614843809474,0.27500980822365184
437,7.283333,230.17078399658203,1009.7640686035156,767.279296875,0.3886016127738543,-0.7104555506102558,0.5191545246933732,0.27335009904339824
438,7.3,230.11117553710938,1012.0523071289062,768.003173828125,0.39098405123395436,-0.7100854380735712,0.5187395536098881,0.27169729081675265
439,7.316667,230.22240447998047,1015.1783752441406,768.594970703125,0.3940565366516351,-0.7094458279710407,0.5187060264052438,0.2689797785475438
440,7.333333,230.33363342285156,1018.304443359375,769.186767578125,0.3971349008694302,-0.7087901106471024,0.518653662943857,0.2662683373501553
441,7.35,230.57837677001953,1022.5700073242188,769.662353515625,0.40147408150697295,-0.7074884733020386,0.5190220577977134,0.26247804773411093
442,7.366667,230.8231201171875,1026.8355712890625,770.137939453125,0.40581725893548576,-0.7061570501455171,0.5193573186722711,0.2586939280721901
443,7.383333,231.16368865966797,1032.5013427734377,770.6273498535156,0.41191775987980317,-0.7038466769796581,0.5203110886138999,0.2533771605052752
444,7.4,231.50425720214844,1038.1671142578125,771.1167602539062,0.41801479878524783,-0.7014799576121933,0.521204191979046,0.24806387751624395
445,7.416667,231.9116439819336,1045.4073486328125,771.8653564453125,0.42607019521894113,-0.6982064196618463,0.5224847340133681,0.24079386830245336
446,7.433333,232.31903076171875,1052.6475830078125,772.6139526367188,0.43411607402591673,-0.6948342565574015,0.5236537245963302,0.23352808589768986
447,7.45,232.67990112304688,1061.5049438476562,773.892578125,0.44381877945528914,-0.6913815673205523,0.5240541477759478,0.22446306950369183
448,7.466667,233.040771484375,1070.3623046875,775.1712036132812,0.4535367388641239,-0.687774635659549,0.524268763407959,0.21543616399889692
449,7.483333,233.15093994140625,1080.64501953125,777.1689147949219,0.46423099185957895,-0.6851350745007471,0.5226550700161672,0.20472223541257734
450,7.5,233.2611083984375,1090.927734375,779.1666259765625,0.4750209927998989,-0.6822740904018014,0.5207434213931424,0.19412215494774648
451,7.516667,232.9408187866211,1102.1272583007812,781.9398803710938,0.4859568005290168,-0.6808324513081134,0.5172008719766429,0.18115302727800878
452,7.533333,232.6205291748047,1113.3267822265625,784.713134765625,0.49709643553099825,-0.6791044143647167,0.5131910233866677,0.16836656938975708
453,7.55,231.80948638916016,1124.6687622070312,788.1506652832031,0.5074535710252963,-0.678700598335284,0.5085770261276122,0.15233443329791224
454,7.566667,230.99844360351562,1136.0107421875,791.5881958007812,0.5180658262028195,-0.6779732182983198,0.503316155910953,0.1365026087297608
455,7.583333,229.78958129882812,1146.5904541015625,795.3594970703125,0.5268437174458831,-0.6783947307630458,0.4984026469950903,0.11752058597975379
456,7.6,228.58071899414062,1157.170166015625,799.1307983398438,0.5357993260154926,-0.6785007781652497,0.4927598075909706,0.09870941339813688
457,7.616667,227.20916748046878,1166.084045410156,802.6592712402343,0.5419876349096535,-0.6795466796846732,0.4881539673632527,0.07855837245063634
458,7.633333,225.83761596679688,1174.9979248046875,806.187744140625,0.5481830037637504,-0.6803380942262816,0.4829180918334515,0.05852852730969009
459,7.65,224.6111068725586,1181.451171875,808.7167663574219,0.5512748481415082,-0.6816746151521583,0.47932211142057674,0.04081757424240503
460,7.666667,223.3845977783203,1187.9044189453125,811.2457885742188,0.5542574161399938,-0.6828599228801253,0.47535663799943256,0.02317561407694871
461,7.683333,222.60063934326172,1191.2644653320312,812.0339050292969,0.5544138967860981,-0.6840790883983361,0.47382857696576935,0.01214543194575776
462,7.7,221.81668090820312,1194.62451171875,812.822021484375,0.5544796213134677,-0.6852510039347572,0.4722098287267927,0.0011352569285484604
463,7.716667,221.73401641845703,1194.41015625,811.3709716796875,0.5518646092904012,-0.6858867979494327,0.47434626187666584,-0.0006142109247945053
464,7.733333,221.65135192871094,1194.19580078125,809.919921875,0.5492328360227835,-0.6865049392823449,0.4764963301894047,-0.0023468044963088006
465,7.75,222.46564483642578,1190.0680541992188,806.0934448242188,0.5433151912882426,-0.6859254819374152,0.48403241769183414,0.005239729739482348
466,7.766667,223.27993774414062,1185.9403076171875,802.2669677734375,0.5375086194210276,-0.6851885721555223,0.49135828193228537,0.012967012459708965
467,7.783333,225.03595733642578,1177.7737426757812,796.334228515625,0.5272942327454953,-0.6827153794429324,0.5050226058998056,0.02850737300422325
468,7.8,226.79197692871094,1169.607177734375,790.4014892578125,0.5175407614651905,-0.6797091129184499,0.517848774084929,0.04449414811388909
469,7.816667,229.29808807373047,1157.6622924804688,783.0816955566406,0.5024671876309288,-0.6750346532912673,0.5361883505184577,0.06600753728551792
470,7.833333,231.80419921875,1145.7174072265625,775.7619018554688,0.48852274325055767,-0.6693150037087456,0.5527654644572573,0.0883928528822556
471,7.85,234.63250732421875,1130.8616333007812,768.1598510742188,0.46943274598550877,-0.6630750799275608,0.572015856363597,0.11296988733368202
472,7.866667,237.4608154296875,1116.005859375,760.5578002929688,0.4521324110030048,-0.6554631536190285,0.5888114610047274,0.1387277930260772
473,7.883333,240.06371307373053,1099.824340820312,753.865539550781,0.43166150042422846,-0.6493556012464629,0.6046497249156328,0.1624941917140372
474,7.9,242.66661071777344,1083.642822265625,747.1732788085938,0.41295677428504385,-0.6419590383254845,0.6182502876155687,0.18740831771182745
475,7.916667,244.59396362304688,1068.2001342773438,742.25048828125,0.3944115501739411,-0.6376503472766467,0.6285596647095439,0.20677115758148223
476,7.933333,246.5213165283203,1052.7574462890625,737.3276977539062,0.37691685115757084,-0.6324070302299948,0.6375615477760589,0.22695882495848513
477,7.95,247.5988311767578,1039.9344482421875,734.4127807617188,0.36251546598441725,-0.6301019559172361,0.6432890060806998,0.24027758265614374
478,7.966667,248.6763458251953,1027.1114501953125,731.4978637695312,0.34851395976775834,-0.6272568693700881,0.6484956576060531,0.25404767611833484
479,7.983333,249.00979614257812,1017.8670349121094,730.2223510742188,0.3387949120379054,-0.6258769528964542,0.6517625207541649,0.2621100226058797
480,8.0,249.34324645996094,1008.6226196289062,728.9468383789062,0.3292016812029166,-0.6242471374370988,0.6548582607322566,0.2703745972636579
481,8.016667,249.18795013427734,1002.7453918457028,728.6268310546875,0.32350129544313144,-0.6227953385337673,0.6570697731142142,0.2751948244550777
482,8.033333,249.03265380859375,996.8681640625,728.3068237304688,0.31785512043458497,-0.6212483194010827,0.6592151967068369,0.280096362856807
483,8.05,248.65055084228516,993.3822021484373,728.2882995605469,0.31502820575700924,-0.6194025505736933,0.6609272222170269,0.28332475510058636
484,8.066667,248.26844787597656,989.896240234375,728.269775390625,0.3122378832822478,-0.6175259947641527,0.6626006459213171,0.28658250829144877
485,8.083333,247.84696197509763,987.7066650390624,728.1354675292969,0.3111115361127546,-0.6153389468874343,0.6640523358332027,0.2891402563039134
486,8.1,247.42547607421875,985.51708984375,728.0011596679688,0.3100156630090336,-0.6131428482027039,0.6654725115214795,0.2917061411699107
487,8.116667,247.06157684326172,983.8322143554686,727.6168823242188,0.30953912594604116,-0.610986287275955,0.6665140879171795,0.294347170662868
488,8.133333,246.6976776123047,982.1473388671875,727.2326049804688,0.3090914482564833,-0.6088285282423724,0.6675244656281407,0.2969871842366293
489,8.15,246.4284210205078,980.6309204101561,726.6907043457031,0.3085538896871486,-0.6073341072633698,0.667716218040143,0.3001580108537912
490,8.166667,246.15916442871094,979.114501953125,726.1488037109375,0.3080405763222196,-0.6058427748768285,0.667877800380601,0.30332289598279466
491,8.183333,246.00336456298828,977.9431762695312,725.648681640625,0.307409109930859,-0.6053544125349066,0.6672178123639998,0.30637569293309447
492,8.2,245.84756469726562,976.7718505859375,725.1485595703125,0.3067879155266309,-0.6048687310044972,0.666538246807074,0.3094216519301556
493,8.216667,245.80210876464844,976.6360778808594,724.8635559082031,0.3067570398099993,-0.6056672385534919,0.6650906574812293,0.31100117684854556
494,8.233333,245.75665283203125,976.5003051757812,724.5785522460938,0.3067223269853838,-0.6064629349199048,0.6636398649482509,0.31257999351921767
495,8.25,245.76199340820312,978.4566345214844,724.6273803710938,0.3083931816489609,-0.6097740224996571,0.6601898035094973,0.3117991506388529
496,8.266667,245.767333984375,980.4129638671875,724.6762084960938,0.3100827785993089,-0.6130401378369645,0.6567135738879806,0.31105906462960314
497,8.283333,245.73670196533203,985.5335693359373,725.2615356445312,0.31462104354626635,-0.6203024526385558,0.6496837264806685,0.30683794053969626
498,8.3,245.70606994628906,990.6541748046875,725.8468627929688,0.31934322476664373,-0.6273412724472677,0.6424600124895216,0.30283322973519217
499,8.316667,245.56993103027344,999.5339965820308,727.3622436523436,0.3276053663901611,-0.6382564671529003,0.6321038407830512,0.2928278342596249
500,8.333333,245.4337921142578,1008.413818359375,728.8776245117188,0.3365432304284255,-0.6486319264668716,0.6210680234524508,0.28335452751904405
501,8.35,245.06580352783206,1020.7649536132806,731.7157897949218,0.3485509930438494,-0.6614423003399766,0.6084494511195574,0.266074339238897
502,8.366667,244.69781494140625,1033.1160888671875,734.553955078125,0.36204469018335744,-0.6733914829710111,0.5942752556022063,0.249608640778062
503,8.383333,243.90069580078128,1047.7283325195306,738.7761230468748,0.37681540519568396,-0.6861683377376737,0.5794998405079974,0.22663428148613302
504,8.4,243.10357666015625,1062.340576171875,742.998291015625,0.39370155575104515,-0.6977809374502698,0.5623278189432106,0.20466624629577024
505,8.416667,241.79408264160162,1077.425781249999,748.2045288085935,0.409673547575931,-0.7084139986553248,0.5460259641197218,0.1793678829469009
506,8.433333,240.48458862304688,1092.510986328125,753.4107666015625,0.42768745087990245,-0.7177238045280344,0.527153128211772,0.1551307970397823
507,8.45,238.78617095947274,1106.2100830078118,758.8131408691404,0.4431387335461038,-0.7245544769235848,0.5113768021162302,0.13092990131564222
508,8.466667,237.08775329589844,1119.9091796875,764.2155151367188,0.4599737736399973,-0.7302255578423962,0.49356929791214466,0.10762950522814092
509,8.483333,235.24185943603524,1130.734313964843,768.8288879394529,0.47330153407812586,-0.7329925653025863,0.4806664934554781,0.08756300086018745
510,8.5,233.39596557617188,1141.5594482421875,773.4422607421875,0.4872918283396228,-0.7350101085249072,0.4665523409227641,0.06808617759222856
511,8.516667,231.69944763183585,1148.5834350585942,776.3728637695314,0.4973878962443025,-0.7342718694991508,0.4588041006065996,0.05430377149386711
512,8.533333,230.0029296875,1155.607421875,779.303466796875,0.5076632375709065,-0.7332188461233137,0.4505613007120508,0.040775914573274216
513,8.55,228.77436065673822,1158.3460693359377,779.9969787597656,0.5139762216118603,-0.7296578077616305,0.44970553680030756,0.03453776717210324
514,8.566667,227.54579162597656,1161.084716796875,780.6904907226562,0.520265521636197,-0.726036639231698,0.44876789932026845,0.02831886349115246
515,8.583333,227.07014465332028,1159.2803955078123,779.0306091308593,0.5223623497151331,-0.7204080250579954,0.455213523165022,0.030504120374330226
516,8.6,226.59449768066406,1157.47607421875,777.3707275390625,0.5244745313980035,-0.714694987182791,0.46159588124422685,0.03266165380075484
517,8.616667,227.0646896362305,1151.0581054687495,773.6725463867185,0.5215689298492273,-0.7076135368226992,0.4747234045432717,0.04343527483564014
518,8.633333,227.53488159179688,1144.64013671875,769.974365234375,0.5189534639353746,-0.7001584636356672,0.48735066048899844,0.05435772060852964
519,8.65,228.96070861816415,1133.9075927734368,764.9230346679685,0.5100906297428747,-0.691919711701066,0.5057745870510639,0.0724343088691881
520,8.666667,230.38653564453125,1123.175048828125,759.8717041015625,0.5021161528953709,-0.6828282570834456,0.5228149137563539,0.09104672582730655
521,8.683333,232.51416778564464,1109.0665283203118,754.4064331054684,0.4872197609402167,-0.6737531902127403,0.5438624284356083,0.11352181360265541
522,8.7,234.6417999267578,1094.9580078125,748.941162109375,0.47405284240930545,-0.6633606527121187,0.5625453091241317,0.13700117597833
523,8.716667,236.9936904907228,1079.1714477539053,744.0527038574215,0.4550303702931647,-0.654376945946106,0.5823734696460404,0.1599353512440103
524,8.733333,239.3455810546875,1063.3848876953125,739.1642456054688,0.4381767896889656,-0.6439094985706392,0.5995550445143262,0.18416136192427648
525,8.75,241.39008331298828,1048.0819702148438,735.58203125,0.4186781006875918,-0.636548052174279,0.6147586513715028,0.2039289725410618
526,8.766667,243.43458557128906,1032.779052734375,731.9998168945312,0.4008148996188255,-0.6279006962258684,0.6280982478924335,0.2249015849590119
527,8.783333,244.79699707031241,1019.8882141113288,729.9277954101564,0.38433847494409096,-0.6232564371651934,0.6375577413230173,0.2394900346337864
528,8.8,246.15940856933594,1006.9973754882812,727.8557739257812,0.3685962592971717,-0.617758884877098,0.6461824659153912,0.2548705132631875
529,8.816667,246.75978088378903,997.5219116210943,727.019500732422,0.3569114950246928,-0.6156486612917369,0.6509911739459516,0.2641995496086298
530,8.833333,247.3601531982422,988.0464477539062,726.1832275390625,0.3454362781184155,-0.6131356549613669,0.6555380565216805,0.27387643715108145
531,8.85,247.3905487060547,981.8627624511722,726.1147766113281,0.3383716150715067,-0.6125588064097008,0.6574339227520679,0.2793868214834963
532,8.866667,247.4209442138672,975.6790771484375,726.0463256835938,0.33135238339688616,-0.6118491122124387,0.6592586532915097,0.28499875431713495
533,8.883333,247.18810272216797,971.9488525390627,726.3036193847656,0.327544875541738,-0.6116467837469888,0.6598380192062184,0.28847245076146544
534,8.9,246.95526123046875,968.2186279296875,726.5609130859375,0.323752361592656,-0.6114092946588641,0.6603914426010726,0.2919695622958026
535,8.916667,246.70992279052737,966.039764404297,726.8115844726562,0.3217416207463183,-0.6106359744771543,0.6610376407701399,0.29433870564184333
536,8.933333,246.46458435058594,963.8609008789062,727.062255859375,0.31974420101133044,-0.6098506121388585,0.6616679065354234,0.2967178091293401
537,8.95,246.3258056640625,962.7201232910156,727.1252136230469,0.31870913250273664,-0.6085339210466667,0.6626860100213339,0.29825862588855157
538,8.966667,246.18702697753906,961.579345703125,727.1881713867188,0.3176858323758929,-0.6072106091787566,0.6636922140134963,0.2998059923788432
539,8.983333,246.19013214111328,961.5075378417969,727.0675048828125,0.3176582203866838,-0.6064049256918228,0.6641719852631486,0.3004028879839009
540,9.0,246.1932373046875,961.4357299804688,726.9468383789062,0.31763318869310436,-0.6055988992330231,0.6646489823266366,0.3009997690706218
541,9.016667,246.3555145263672,962.9480895996095,726.8330993652344,0.319297673941837,-0.606340305869652,0.6637822866723623,0.29965564368661357
542,9.033333,246.51779174804688,964.46044921875,726.7193603515625,0.32096801477221265,-0.6070710262379821,0.6629092341812719,0.298321386817552
543,9.05,246.80103302001953,968.3546142578127,726.9409484863281,0.32520385649344924,-0.6099447806330945,0.6604102200246215,0.29337375067866145
544,9.066667,247.0842742919922,972.248779296875,727.1625366210938,0.3295269568346398,-0.6127433728775404,0.6578195125948592,0.2884978900502029
545,9.083333,247.3384017944336,979.2885131835941,728.1482543945314,0.33697184846445377,-0.6180263356834564,0.6534912586071937,0.2782850996156901
546,9.1,247.592529296875,986.3282470703125,729.1339721679688,0.3447651109016805,-0.6230902867601029,0.6487857815825262,0.2682769510534129
547,9.116667,247.62437438964844,996.8281250000006,731.3779296875001,0.3553740980533171,-0.6306365368431593,0.6423908946655189,0.251675877433838
548,9.133333,247.65621948242188,1007.3280029296875,733.6218872070312,0.36684122948616327,-0.6377600537327602,0.6350218146996693,0.23545046414778129
549,9.15,247.35147857666013,1020.8058471679694,737.5234069824221,0.37962941185598575,-0.6469342667486321,0.6262267862329834,0.2125972162672812
550,9.166667,247.04673767089844,1034.28369140625,741.4249267578125,0.39389815097824077,-0.6554683057237977,0.6156330614857007,0.19026686640936835
551,9.183333,246.3941497802734,1049.4485473632822,747.0127868652347,0.40732099926644827,-0.6651206628491452,0.6043312520869216,0.16275086838093744
552,9.2,245.74156188964844,1064.6134033203125,752.6006469726562,0.4225600078217732,-0.6739387873604916,0.5905872221810109,0.13585390563855762
553,9.216667,244.77890014648432,1079.7379760742197,759.3639526367191,0.4351518388296831,-0.6825983943636476,0.5774214408747805,0.10623929966546448
554,9.233333,243.8162384033203,1094.862548828125,766.1272583007812,0.44934015198864774,-0.6903372309325108,0.56174499698341,0.07726897024912988
555,9.25,242.63243103027344,1108.2963256835938,773.13330078125,0.46006439034427576,-0.6968283230116277,0.5480951396308713,0.0486082595755926
556,9.266667,241.44862365722656,1121.7301025390625,780.1393432617188,0.4718150605278554,-0.70250046912352,0.5324117786072733,0.020526508241059793
557,9.283333,240.25050354003912,1132.2767333984368,786.3444519042965,0.4801791252027034,-0.7063406393474841,0.520090505529814,-0.0040957274685271515
558,9.3,239.05238342285156,1142.8233642578125,792.549560546875,0.4890243846153199,-0.7096184561140941,0.5064549367523636,-0.02828771876656653
559,9.316667,238.13300323486334,1149.8422851562495,797.0725402832029,0.4949768781471039,-0.710874048020392,0.49749960470838117,-0.04636940010236338
560,9.333333,237.213623046875,1156.8612060546875,801.5955200195312,0.5010700925392749,-0.7118622592441255,0.48791091215724225,-0.06421703842766288
561,9.35,236.80317687988284,1160.1411132812498,803.8585510253905,0.5046966565238079,-0.7108394550361278,0.4842172923644086,-0.07431129007702147
562,9.366667,236.39273071289062,1163.4210205078125,806.12158203125,0.5083185132375394,-0.7097592220957654,0.4803540657010899,-0.08434516770049576
563,9.383333,236.56198120117188,1162.9974365234375,805.8783874511719,0.5095574072876351,-0.7068369638167076,0.48306990499266117,-0.08588493553041321
564,9.4,236.73123168945312,1162.5738525390625,805.6351928710938,0.5107881211344036,-0.7039002968330459,0.48577253504601237,-0.0874351852591742
565,9.416667,237.39156341552732,1158.6006469726565,802.9365234375001,0.5093436687636508,-0.6993348878561731,0.49503301608295036,-0.0802624115348874
566,9.433333,238.05189514160156,1154.62744140625,800.2378540039062,0.5080098021527873,-0.6946136145800883,0.5040890887859177,-0.07302162641062958
567,9.45,238.9970626831054,1147.2949829101567,795.3951110839846,0.50340093903149,-0.6882871558450524,0.5191970531533177,-0.0572949009760361
568,9.466667,239.94223022460938,1139.9625244140625,790.5523681640625,0.4991899354194356,-0.6815071266636649,0.5335291517022078,-0.04128061247725967
569,9.483333,240.903335571289,1129.4819335937507,784.1497192382816,0.4908869290750919,-0.6731478647211216,0.5528024148869145,-0.017648376124051474
570,9.5,241.86444091796875,1119.0013427734375,777.7470703125,0.4835342925513462,-0.6639626988971808,0.570355219254739,0.006560965547771426
571,9.516667,242.5329284667969,1105.762145996093,770.6611938476559,0.4713592536681441,-0.6538516207338148,0.5907296902066153,0.036564260604726354
572,9.533333,243.201416015625,1092.52294921875,763.5753173828125,0.460931083285277,-0.6426523621707144,0.6082792925693312,0.06735562403553207
573,9.55,243.24791717529297,1077.409423828124,756.8766784667965,0.44577736698274945,-0.6321854555166118,0.6256883832287383,0.10068831119742037
574,9.566667,243.29441833496094,1062.2958984375,750.1780395507812,0.43299771168222106,-0.6206820125057843,0.639612200650889,0.1347703743715836
575,9.583333,242.47949218749994,1046.8729248046868,744.8747253417966,0.4172480538502332,-0.6123675836076106,0.6503740033730353,0.16710373975857026
576,9.6,241.66456604003906,1031.449951171875,739.5714111328125,0.40365356591016394,-0.6033606243122399,0.6580787823588468,0.19988014400297646
577,9.616667,240.01444244384757,1017.7026062011712,736.3102722167968,0.3902090529980323,-0.5997337732859628,0.6606946868390138,0.22702164416913634
578,9.633333,238.36431884765625,1003.9552612304688,733.0491333007812,0.3778956613493455,-0.5957925832513261,0.6615102699733124,0.25422476196446286
579,9.65,236.2599182128905,993.6587219238276,731.9743957519531,0.36858169792214507,-0.5972180498593741,0.65811649963108,0.27269177800646943
580,9.666667,234.155517578125,983.3621826171875,730.899658203125,0.3594848965618869,-0.5985329951354725,0.6540813676048903,0.2910436864633321
581,9.683333,232.19513702392567,977.463958740234,731.72265625,0.35465569417486537,-0.6025757584817527,0.6497956091294913,0.29814000106580507
582,9.7,230.23475646972656,971.5657348632812,732.545654296875,0.34977755442601305,-0.6065729514324616,0.645434619342068,0.30518694134092605
583,9.716667,228.9207382202148,969.9157104492186,734.6799621582032,0.34863780841474135,-0.6108005758118886,0.6439775578359747,0.30111001334270676
584,9.733333,227.60671997070312,968.2656860351562,736.8142700195312,0.34758062353915303,-0.6150394823389841,0.6424214186527153,0.2969997746809936
585,9.75,227.15035247802734,969.9269714355469,739.5895080566406,0.3487275279617884,-0.6192738895461387,0.642906541650263,0.2855873590888706
586,9.766667,226.69398498535156,971.5882568359375,742.36474609375,0.35012838883144354,-0.6235483498030988,0.6430231965785965,0.274077973310468
587,9.783333,227.07684326171875,975.5023498535154,745.3548583984373,0.3525150710357948,-0.6284863736670807,0.6429815284858641,0.2594470212459818
588,9.8,227.45970153808594,979.4164428710938,748.344970703125,0.355288843084451,-0.6334479860839417,0.6423638064383623,0.24470845323349397
589,9.816667,228.56344604492182,984.7533264160154,751.5226745605466,0.35841005017600913,-0.6390403080003944,0.640975150992911,0.22873691545792654
590,9.833333,229.6671905517578,990.0902099609375,754.7003784179688,0.36199711974244203,-0.6446159764992676,0.6388986310531699,0.21268960336240494
591,9.85,231.3411560058593,996.1600646972653,758.2578430175779,0.36530119509967185,-0.650710103845798,0.6360181160671712,0.19650026373037993
592,9.866667,233.01512145996094,1002.2299194335938,761.8153076171875,0.36909245197301754,-0.6567451867061881,0.632421477104006,0.18027644586131433
593,9.883333,235.1009063720702,1008.3748168945309,765.8851928710935,0.37187291480121315,-0.664261360679274,0.6266875373825446,0.1665236032374117
594,9.9,237.1866912841797,1014.5197143554688,769.955078125,0.3751385516071425,-0.6716633701746739,0.6203167855562817,0.15279551636359073
595,9.916667,239.51187896728504,1020.1392517089841,774.4517822265623,0.3768403861786785,-0.6830038581354906,0.6084017184659892,0.14609723503328292
596,9.933333,241.83706665039062,1025.7587890625,778.948486328125,0.3789858810350929,-0.6940731644409447,0.5959625591547403,0.13950187262083732
597,9.95,244.2227325439452,1030.3803100585935,783.580139160156,0.3791943355271023,-0.711969851450788,0.5730596226318468,0.14461416057339466
598,9.966667,246.6083984375,1035.0018310546875,788.2117919921875,0.3794817015793101,-0.7290686359761646,0.5495288247092404,0.14990207809102263
599,9.983333,248.9781494140624,1038.2885131835935,792.6690368652341,0.377251356504831,-0.7529644460876693,0.5123893122895918,0.1678783773883752
600,10.0,251.347900390625,1041.5751953125,797.1262817382812,0.3741282525320033,-0.7749281697457346,0.47424917568867286,0.1860164018319074
601,10.016667,253.85174560546886,1043.1932373046875,801.293395996094,0.36796319805593525,-0.7986727198961966,0.4267153366858798,0.21127941879680656
602,10.033333,256.3555908203125,1044.811279296875,805.4605102539062,0.3600281886105214,-0.8194554492543911,0.3780952880805405,0.23646653721912583
603,10.05,259.23356628417986,1044.3422241210938,809.3848266601565,0.3499479891716122,-0.8363064530761942,0.3327056058541399,0.2596823083136207
604,10.066667,262.1115417480469,1043.8731689453125,813.3091430664062,0.33835094328130727,-0.8506208636712781,0.2866410000760078,0.28248844674287954
605,10.083333,265.34313964843767,1041.0628662109373,816.9693908691409,0.3265242796565517,-0.8598789569898518,0.25582702354019554,0.2975610998557755
606,10.1,268.5747375488281,1038.2525634765625,820.629638671875,0.3140526635386491,-0.8680119870860254,0.22470627487230896,0.31214292372607166
607,10.116667,271.7783050537111,1033.3795166015623,823.8421936035159,0.301820473957464,-0.8732956274534969,0.2107209478298681,0.3191486028739228
608,10.133333,274.98187255859375,1028.5064697265625,827.0547485351562,0.28944222547779486,-0.8782841958912803,0.19660082352502317,0.325865287423118
609,10.15,277.71606445312517,1022.3344421386715,829.6303100585939,0.27616078190459,-0.8825370826006469,0.19256320382137831,0.32830311132645495
610,10.166667,280.45025634765625,1016.1624145507812,832.2058715820312,0.2628159487079074,-0.8865880052217935,0.18849699470958683,0.33069376935022177
611,10.183333,282.52713012695324,1009.482513427734,834.1333618164064,0.24801661362671207,-0.8908757763295331,0.1861294097755548,0.3319396832724188
612,10.2,284.60400390625,1002.8026123046875,836.0608520507812,0.23313381143500217,-0.8949020220365346,0.18377811533108576,0.33320354326757173
613,10.216667,286.1285552978517,996.0573425292965,837.528778076172,0.21764967071980096,-0.8992552814273794,0.17832958631186868,0.3349135982703066
614,10.233333,287.6531066894531,989.3120727539062,838.9967041015625,0.20208238239004098,-0.9033385395311109,0.1728774565942603,0.33653466199912396
615,10.25,288.8937530517578,982.5449829101562,840.2647094726562,0.18691071333606032,-0.9074701959198335,0.1632209353667976,0.3390002286362235
616,10.266667,290.1343994140625,975.7778930664062,841.53271484375,0.17166681054527097,-0.9113254545650417,0.1535221438855773,0.3412438620045937
617,10.283333,291.3795013427734,968.808990478516,842.7951354980468,0.1569704612136336,-0.9148935372491274,0.14033236635654314,0.34443710131014027
618,10.3,292.6246032714844,961.840087890625,844.0575561523438,0.14220320732674718,-0.9181492301411375,0.1270735507254948,0.3473219712647587
619,10.316667,294.05387878417963,954.5209350585941,845.4311218261718,0.12787861063708794,-0.9207806176607162,0.11207544268439744,0.3510686688227455
620,10.333333,295.483154296875,947.2017822265625,846.8046875,0.11347705243703317,-0.9230711408187905,0.09700311268068648,0.3544757025353894
621,10.35,297.10063171386713,939.5527954101567,848.3807373046874,0.09999829537020416,-0.924672971999773,0.08291854763998913,0.3579172393632852
622,10.366667,298.7181091308594,931.90380859375,849.956787109375,0.0864573721043807,-0.9259751624418696,0.0687761043942525,0.361060893498463
623,10.383333,300.4158630371093,924.0583190917973,851.7711791992186,0.07444472136901698,-0.9270272507116754,0.057665488493620534,0.36297816922651704
624,10.4,302.1136169433594,916.2128295898438,853.5855712890625,0.0624051020434546,-0.9278704156324066,0.046525187341377575,0.36468822571607756
625,10.416667,303.80354309082026,908.3548889160161,855.5342407226561,0.051656939222556666,-0.9289808220193033,0.038196818878737104,0.36450952796606234
626,10.433333,305.49346923828125,900.4969482421875,857.48291015625,0.0409013763468929,-0.9299444820902153,0.02987197122231707,0.36419500680018135
627,10.45,307.167510986328,892.860717773438,859.3536682128905,0.030502877402054714,-0.9313000580339527,0.023265552474569674,0.36222712549477093
628,10.466667,308.841552734375,885.2244873046875,861.2244262695312,0.020096067596256404,-0.932525351290069,0.016695376883828945,0.3601581342399573
629,10.483333,310.524688720703,878.0505371093753,862.8682250976561,0.009540701528528447,-0.9339763941427737,0.0120917769679065,0.35700260381146276
630,10.5,312.20782470703125,870.8765869140625,864.5120239257812,-0.0010397449934010942,-0.9352956598195563,0.007558093551248491,0.35378499526537344
631,10.516667,313.89459228515636,864.3518371582028,865.9466247558595,-0.011163732041297529,-0.9366700266326283,0.00632653288708566,0.3499780097042813
632,10.533333,315.58135986328125,857.8270874023438,867.3812255859375,-0.02134441496912526,-0.9379095691458577,0.005195347881344914,0.34618357039964975
633,10.55,317.2397003173829,852.075531005859,868.7015380859376,-0.029827565675460344,-0.9390815505897888,0.008076729042407296,0.34230238695593324
634,10.566667,318.8980407714844,846.323974609375,870.0218505859375,-0.038396773570177185,-0.9401130685947006,0.011068213637075882,0.33851233461092745
635,10.583333,320.48944091796886,841.430969238281,871.2420349121095,-0.04433382949451265,-0.9409401223242384,0.016894825629791662,0.3352324009246985
636,10.6,322.0808410644531,836.5379638671875,872.4622192382812,-0.05035513973425802,-0.941636128447265,0.022806768114150937,0.3320626640159601
637,10.616667,323.5568847656251,832.5871582031248,873.4895324707032,-0.053565508435899925,-0.9420521636091085,0.027771229418814387,0.32999578203663266
638,10.633333,325.0329284667969,828.6363525390625,874.516845703125,-0.05681498841770741,-0.9424050005009497,0.03277047427995917,0.32798013375411533
639,10.65,326.3974914550782,825.640655517578,875.3067626953126,-0.05767519077302809,-0.9425611560249073,0.032755398896669646,0.32738222823697255
640,10.666667,327.7620544433594,822.6449584960938,876.0966796875,-0.058536007830667404,-0.9427160007850177,0.032741553158847886,0.3267844371262145
641,10.683333,329.1189117431641,820.3355712890624,876.7556762695312,-0.057799810065463364,-0.942636637696298,0.02927338622981109,0.3274727776283933
642,10.7,330.47576904296875,818.0261840820312,877.4146728515625,-0.05707184880194832,-0.9425389578024026,0.025810766950037037,0.32817209114813395
643,10.716667,331.91802978515636,815.9084167480468,878.0674743652344,-0.05577412474595702,-0.9419916470285483,0.026303715630721716,0.32992286747250976
644,10.733333,333.36029052734375,813.7906494140625,878.7202758789062,-0.054476369999578896,-0.9414393159177734,0.02680010964457655,0.3316716654750332
645,10.75,334.8774871826172,811.5742492675781,879.3480834960938,-0.05355905697073804,-0.9403076551762573,0.035359010951472966,0.33421951076779993
646,10.766667,336.3946838378906,809.3578491210938,879.9758911132812,-0.05259038721806922,-0.9390892869211517,0.04388617358705312,0.3367782150467329
647,10.783333,337.94746398925776,807.1362915039064,880.4522399902344,-0.05255227019817826,-0.93743084144448,0.05618532045489314,0.3395657317384852
648,10.8,339.500244140625,804.9147338867188,880.9285888671875,-0.05243128055327714,-0.935585497759558,0.068422557685742,0.3424165457469673
649,10.816667,341.08386230468744,802.8768615722657,881.1658325195312,-0.05333572165859984,-0.9338669945327815,0.07800495405925642,0.3449100817019986
650,10.833333,342.66748046875,800.8389892578125,881.403076171875,-0.0541774044453014,-0.9320246725555035,0.08753575407385197,0.3474655527589737
651,10.85,344.24064636230463,799.0210266113282,881.4343566894531,-0.05572978935743132,-0.9307160329635871,0.09254281612033695,0.3494247898292518
652,10.866667,345.8138122558594,797.2030639648438,881.4656372070312,-0.05725137904091039,-0.9293647435659689,0.09752275269710049,0.35141537490675506
653,10.883333,347.2364196777343,795.547821044922,881.3986206054688,-0.058895980602483446,-0.9284915492738045,0.09941652687111673,0.35291792329221067
654,10.9,348.6590270996094,793.892578125,881.3316040039062,-0.06052789109272354,-0.92760659147691,0.10129779007757779,0.35443073170064626
655,10.916667,349.7459869384765,792.376678466797,881.2320251464844,-0.061717138404770354,-0.9270683175397807,0.1006986447748895,0.3558020691080749
656,10.933333,350.83294677734375,790.8607788085938,881.1324462890625,-0.06290419200065721,-0.9265270957397972,0.10009496889356959,0.35717166837658954
657,10.95,351.44812011718744,789.462615966797,880.9878845214844,-0.06337963252157394,-0.9262146614439776,0.09682921895689744,0.3587945449192976
658,10.966667,352.06329345703125,788.064453125,880.8433227539062,-0.06386664069417707,-0.925886531733421,0.09356753169785911,0.36041684141153557
659,10.983333,352.20416259765625,786.682098388672,880.6534118652344,-0.06372045369441821,-0.9255034841565909,0.08944744421617673,0.36246676995027016
660,11.0,352.34503173828125,785.2997436523438,880.4635009765625,-0.06359604164742402,-0.9250922401250715,0.0853388801198676,0.3645232040447399
661,11.016667,352.1757049560547,783.8441772460936,880.2805480957031,-0.06316159958946643,-0.9244439357567097,0.08309423724416977,0.36675519044282656
662,11.033333,352.0063781738281,782.3886108398438,880.0975952148438,-0.06273894298803,-0.9237819869836421,0.08085678821949382,0.36898895018161
663,11.05,351.75621032714844,780.9601440429686,879.9588928222656,-0.06237089846366159,-0.9231550446716078,0.0802628918565263,0.3707458734942643
664,11.066667,351.50604248046875,779.5316772460938,879.8201904296875,-0.06200424260798643,-0.9225240305154041,0.07966989420300302,0.3725018053350964
665,11.083333,351.30625915527344,778.378692626953,879.7174072265625,-0.06176126097318737,-0.9224178480242469,0.07822753805843877,0.3731103222622428
666,11.1,351.1064758300781,777.2257080078125,879.6146240234375,-0.06152099374008298,-0.9223079218651369,0.07678696514737343,0.3737205193423306
667,11.116667,350.93507385253906,776.5052185058594,879.5269775390625,-0.061077752786435215,-0.9228585447670195,0.07400061766395119,0.3729953391805476
668,11.133333,350.763671875,775.7847290039062,879.4393310546875,-0.06062896083326923,-0.9233974304045514,0.07120939830203163,0.3722774989493887
669,11.15,350.5398406982422,775.431884765625,879.3518676757812,-0.05966113405393479,-0.9242317814277702,0.06941596689465837,0.37069878179234506
670,11.166667,350.3160095214844,775.0790405273438,879.264404296875,-0.05868109183104684,-0.9250574426991257,0.06761125076382933,0.36912596215739196
671,11.183333,350.0289001464844,774.9125061035156,879.1673889160156,-0.057246454764294526,-0.9257264431519485,0.06862744229374679,0.3674828839964937
672,11.2,349.7417907714844,774.7459716796875,879.0703735351562,-0.05580994191314703,-0.9263905808277318,0.06963804970019687,0.3658364172294248
673,11.216667,349.47291564941406,774.619384765625,878.964599609375,-0.05429639227528891,-0.9267441887552115,0.0722925452129819,0.36465174934581357
674,11.233333,349.20404052734375,774.4927978515625,878.8588256835938,-0.05278755081993388,-0.9270883461893886,0.07494647772666733,0.3634607245833076
675,11.25,349.03858947753906,774.3129272460938,878.7721557617188,-0.05174182907756987,-0.9273317790177884,0.07591130084423652,0.36278923516491945
676,11.266667,348.8731384277344,774.133056640625,878.6854858398438,-0.05069629699082632,-0.9275732475293451,0.07687501716214208,0.36211598649549104
677,11.283333,348.80523681640625,773.8196716308594,878.6932678222656,-0.05071011947693933,-0.9280773365235655,0.0728038051179039,0.36166358286992795
678,11.3,348.7373352050781,773.5062866210938,878.7010498046875,-0.0507203942836327,-0.9285603965167567,0.06872898056245512,0.361219267004409
679,11.316667,348.6548767089844,773.0232238769531,878.9172973632812,-0.052001421577009356,-0.9294444711587067,0.058648621046471706,0.3605401037829626
680,11.333333,348.5724182128906,772.5401611328125,879.133544921875,-0.053273653379936135,-0.9302102712116428,0.04855725350315323,0.35987909403040746
681,11.35,348.3314208984375,771.9326477050781,879.6433715820312,-0.05506661972957596,-0.9311094702462386,0.035646729701995734,0.3587926037014701
682,11.366667,348.0904235839844,771.3251342773438,880.1531982421875,-0.05683839553409441,-0.9318165099317142,0.022718672276086996,0.35773069555435316
683,11.383333,347.58906555175787,770.662353515625,880.931884765625,-0.05769189876804883,-0.9323525750766668,0.01234337597818869,0.3567043056004606
684,11.4,347.08770751953125,769.9995727539062,881.7105712890625,-0.058527433382636676,-0.9327606990707423,0.0019560680843387023,0.3557080145405085
685,11.416667,346.284164428711,769.3159790039062,882.6302795410156,-0.05751817731555631,-0.9329073331673737,-0.0029229669516225806,0.3554813965104712
686,11.433333,345.4806213378906,768.6323852539062,883.5499877929688,-0.05650826587854232,-0.9330181001324027,-0.007802684829400024,0.3552789873074041
687,11.45,344.41230773925787,767.9547119140625,884.4621887207031,-0.05396190794435958,-0.932865054446528,-0.008256858702473408,0.3560656217157843
688,11.466667,343.343994140625,767.2770385742188,885.3743896484375,-0.051419897400769465,-0.9327017583472401,-0.008704725567831178,0.3568580276245019
689,11.483333,342.14704895019537,766.6384887695312,886.1763610839844,-0.0482679994359759,-0.932361864029194,-0.007477996653625878,0.3582117171457458
690,11.5,340.9501037597656,765.9999389648438,886.9783325195312,-0.04511838168189229,-0.9320094674021796,-0.006242649064277885,0.3595604450433515
691,11.516667,339.79972839355463,765.3975830078124,887.6328125,-0.04189191398679388,-0.9316328437600183,-0.005005476764324859,0.36094356507978637
692,11.533333,338.64935302734375,764.7952270507812,888.2872924804688,-0.03866812049291155,-0.9312430834433225,-0.003759157642218086,0.3623216316069738
693,11.55,337.6484222412109,764.1813354492188,888.805908203125,-0.03530649536649555,-0.9309087788110587,-0.0026109009104690194,0.3635319519847943
694,11.566667,336.6474914550781,763.5674438476562,889.3245239257812,-0.03194799801448275,-0.9305607670785628,-0.0014538438502306782,0.36473808484319603
695,11.583333,335.7867279052734,762.8946533203125,889.74169921875,-0.02824673831677308,-0.9302594716818938,-0.00022170314345208532,0.3658133239349049
696,11.6,334.92596435546875,762.2218627929688,890.1588745117188,-0.024548831630540637,-0.9299421576485682,0.0010192474214321665,0.36688404084696147
697,11.616667,334.14659118652344,761.4865112304688,890.5267944335938,-0.02054821301847136,-0.9296570254859496,0.002046673918088446,0.36784697502118563
698,11.633333,333.3672180175781,760.7511596679688,890.8947143554688,-0.01655193205061865,-0.9293532698628447,0.0030833630444299133,0.36880757342138004
699,11.65,332.627700805664,760.0155029296875,891.271728515625,-0.012626028729360137,-0.9290850861375544,0.0036399380594831477,0.36963257021834756
700,11.666667,331.88818359375,759.2798461914062,891.6487426757812,-0.008705124319187007,-0.9287982624354474,0.004205203334481855,0.37045961287621754
701,11.683333,331.1838989257812,758.6624755859375,892.0632629394531,-0.005412960391074759,-0.9285337858555969,0.00436875605817537,0.3711827344516193
702,11.7,330.4796142578125,758.0451049804688,892.477783203125,-0.0021252925001040094,-0.9282553557998773,0.004539211420449286,0.37190976475526005
703,11.716667,329.84417724609375,757.6524963378906,892.91845703125,7.488031281329884e-05,-0.9279730131776633,0.004534442044795332,0.3726198062935588
704,11.733333,329.208740234375,757.2598876953125,893.359130859375,0.002271806398799601,-0.9276838903273986,0.0045343655039848775,0.37333212834175616
705,11.75,328.6980438232422,757.1033630371094,893.7877502441406,0.003330303327239901,-0.9273972912575255,0.004516994684614716,0.37403578706719
706,11.766667,328.1873474121094,756.9468383789062,894.2163696289062,0.004387210503658517,-0.9271086926251633,0.004501878634599408,0.3747398531403036
707,11.783333,327.84629821777344,756.9435424804688,894.5670776367188,0.004682048987711774,-0.9268778617800292,0.004393847050797819,0.37530814255415795
708,11.8,327.5052490234375,756.9402465820312,894.9177856445312,0.0049763500256406355,-0.9266465217487465,0.004286445226250471,0.3758764239197433
709,11.816667,327.34222412109375,756.993896484375,895.1363525390625,0.004957538508360776,-0.9265115455176229,0.003926864449890511,0.3762131823448986
710,11.833333,327.17919921875,757.0475463867188,895.3549194335938,0.004938375417031604,-0.9263762877591648,0.003567517263018085,0.37654994190195745
711,11.85,327.1565856933594,757.1045532226562,895.464599609375,0.004842893154256444,-0.9262833016252376,0.003088959814149515,0.3767840891590461
712,11.866667,327.13397216796875,757.1615600585938,895.5742797851562,0.004747120934031906,-0.9261899976612034,0.0026105689518323137,0.37701821972542066
713,11.883333,327.18101501464844,757.2047729492188,895.6492919921875,0.004641298204131927,-0.9260497517648447,0.0023361513734469234,0.37736568206980614
714,11.9,327.2280578613281,757.2479858398438,895.7243041992188,0.004535263081655067,-0.9259092952294371,0.0020618246273022226,0.37771306209305705
715,11.916667,327.27874755859375,757.2736511230469,895.7979125976562,0.004461014520690493,-0.9257405068663463,0.0020630913368263055,0.37812743480263694
716,11.933333,327.3294372558594,757.29931640625,895.8715209960938,0.004386828747413485,-0.9255715258484253,0.0020642660283410066,0.378541734922218
717,11.95,327.35630798339844,757.3114318847656,895.9185485839844,0.00437864728113612,-0.9254940073715254,0.0021237993633294035,0.3787309853228893
718,11.966667,327.3831787109375,757.3235473632812,895.965576171875,0.0043705024907960115,-0.9254164448913182,0.0021833044610337572,0.37892022302104955
719,11.983333,327.39263916015625,757.3336181640625,895.9659118652344,0.0043824229406202505,-0.9254787321283129,0.0021274276833468074,0.3787682468195984
720,12.0,327.402099609375,757.3436889648438,895.9662475585938,0.004394372517434248,-0.9255409893798242,0.0020715275943638495,0.37861626383638075
721,12.016667,327.4042053222656,757.3571472167969,895.940673828125,0.004333795153232252,-0.9256528276927296,0.0019296255960037094,0.3783442048572742
722,12.033333,327.40631103515625,757.37060546875,895.9151000976562,0.004273298198898873,-0.9257645638804446,0.0017876923766496314,0.3780721033635249
723,12.05,327.4027557373047,757.3793029785156,895.8973999023438,0.004122380946264178,-0.9258206114600356,0.0017118548001464986,0.37793686102872076
724,12.066667,327.3992004394531,757.3880004882812,895.8796997070312,0.003971450958786209,-0.9258766143171292,0.0016360575234046183,0.3778015960179525
725,12.083333,327.3910369873047,757.3839111328125,895.8804931640625,0.0037976399123842985,-0.9258694413394151,0.0018028001494690541,0.37782020252569376
726,12.1,327.38287353515625,757.3798217773438,895.8812866210938,0.0036238452664309885,-0.9258621621432269,0.001969526247988484,0.3778389146492356
727,12.116667,327.36692810058594,757.3623962402344,895.880126953125,0.003483342032946475,-0.9258583039976191,0.0024358989049996344,0.3778469711979418
728,12.133333,327.3509826660156,757.344970703125,895.8789672851562,0.003342854231079902,-0.9258540690111149,0.0029022585778200037,0.37785532299585056
729,12.15,327.3142395019531,757.3099365234375,895.8498229980469,0.0032426772308276086,-0.9258857505836104,0.0035052793260437172,0.3777734439150629
730,12.166667,327.2774963378906,757.27490234375,895.8206787109375,0.0031423359528195962,-0.9259168769060697,0.004108426485492872,0.3776919162718247
731,12.183333,327.2166290283203,757.2147216796875,895.7675170898438,0.003089384032065528,-0.9259430195097963,0.004635372574222437,0.3776221572530958
732,12.2,327.15576171875,757.154541015625,895.71435546875,0.003036314772930143,-0.9259687640381369,0.005162405181093135,0.3775526167185589
733,12.216667,327.0911102294922,757.0771789550781,895.6660766601562,0.0030540055591027093,-0.925955578519235,0.005514014621574057,0.3775798396391244
734,12.233333,327.0264587402344,756.9998168945312,895.6177978515625,0.0030717248693253657,-0.9259422382065695,0.0058656041392212395,0.37760711155832005
735,12.25,326.9778747558594,756.9296264648438,895.5920715332031,0.0031592842922097894,-0.9259113435584738,0.005909665051782511,0.37768145129391556
736,12.266667,326.9292907714844,756.8594360351562,895.5663452148438,0.0032468398604782183,-0.9258804344815953,0.005953738602243628,0.37775578363772133
737,12.283333,326.8910675048828,756.81103515625,895.5570068359375,0.0033765089849736056,-0.9258685309790735,0.005484756526103497,0.3777909209808728
738,12.3,326.85284423828125,756.7626342773438,895.5476684570312,0.003506119392295861,-0.9258562550854182,0.005015821678839926,0.37782634050433533
739,12.316667,326.8086853027344,756.7316589355469,895.5439453125,0.0036511412096304936,-0.9258830296494267,0.004072924916416079,0.3777706921635019
740,12.333333,326.7645263671875,756.70068359375,895.5402221679688,0.003796342929795045,-0.9259084765375173,0.003129886748708056,0.3777158782276348
741,12.35,326.7154998779297,756.6886291503906,895.5478820800781,0.0038987802220107207,-0.9259647845665978,0.0021143514047912786,0.3775838274786829
742,12.366667,326.6664733886719,756.6765747070312,895.5555419921875,0.004001657462235749,-0.9260196126064808,0.0010984854607494576,0.37745258925511505
743,12.383333,326.62855529785156,756.7042541503906,895.5900268554688,0.003946963598700478,-0.9260547280601384,0.00044823211981869957,0.3773683362495856
744,12.4,326.59063720703125,756.73193359375,895.62451171875,0.0038924281441735376,-0.9260893213104928,-0.0002021250356576015,0.3772842126345647
745,12.416667,326.5701141357422,756.8046875,895.6762390136719,0.0036208561844201168,-0.9260410117394525,-0.00027930040952817717,0.37740542652212083
746,12.433333,326.5495910644531,756.87744140625,895.7279663085938,0.0033493247083298677,-0.9259926051639814,-0.0003565550891078535,0.3775266216759949
747,12.45,326.53065490722656,756.9517517089844,895.7428894042969,0.0029886121293269813,-0.9258539151292569,8.465762616431284e-05,0.37786980412630666
748,12.466667,326.51171875,757.0260620117188,895.7578125,0.0026286179688062863,-0.9257145078250836,0.0005251766005963646,0.37821351715568763
749,12.483333,326.47474670410156,757.0403747558594,895.6781921386719,0.002397898943795739,-0.9255547578467891,0.0011622122938730343,0.37860439718842537
750,12.5,326.4377746582031,757.0546875,895.5985717773438,0.0021681256813499915,-0.925394090969352,0.0017984456360286057,0.37899583272554693
751,12.516667,326.3929901123047,756.99267578125,895.4371032714844,0.0021184771408947283,-0.9252963023487453,0.0022272918339427436,0.379232519815257
752,12.533333,326.34820556640625,756.9306640625,895.275634765625,0.002069162052155747,-0.9251981883424544,0.0026558852623261796,0.3794693362179818
753,12.55,326.3225555419922,756.8443603515625,895.1232299804688,0.0021232005167961215,-0.9251733281894693,0.0028209624923617132,0.37952845347483877
754,12.566667,326.2969055175781,756.758056640625,894.9708251953125,0.002177261880017678,-0.9251484345203141,0.0029860284354202116,0.37958756205848065
755,12.583333,326.2819366455078,756.7310791015625,894.9217224121094,0.0026758229124611106,-0.9251527842800965,0.0034868384812279394,0.37956950307938603
756,12.6,326.2669677734375,756.7041015625,894.8726196289062,0.003174374866580961,-0.9251567510276633,0.0039876396305034995,0.37955106125832644
